0.9018967737156401
0.74698480215179
0.8126272746666954
0.5460776437295309
0.8311525947919945
0.8226709681135596
0.9297060701966613
0.8416420351691543
0.6934800034880858
0.9128980957835144
0.8525420816470113
0.7468141239543046
0.8796438427412119
0.9126222827185458
0.5922970855409175
0.7945455560893494
0.6281232480061509
0.9881419748380207
0.7126036434004399
0.9822655741171432
0.94371888315862
0.7192203738705225
0.8647642501284302
0.897176282071274
0.6061096401144191
0.9765757142222696
0.9406652137944655
0.5598815986745683
0.6821173457289035
0.6176735392785173
0.7967205067550927
0.99342632675966
0.41568781112718123
0.8068852031059878
0.1702427179611956
0.7377024664828687
0.23188348584266577
0.3580464405946602
0.8958491130864108
0.10820878276483965
0.1607910242048643
0.9572280528162634
0.9947089947089947
0.7044613269610516
0.9773280854734444
0.9899000923233254
0.4408995353888235
0.712097642558129
0.4607247041082815
0.9266424641939655
0.5388627870565061
0.4039746946842422
0.9951545542825532
0.2887483062141823
0.8815780000067813
0.6248439948188789
0.9510962423318102
0.8640615630082545
0.9138452487841594
0.7008828427595255
0.9686709705797654
0.8540513766260817
0.7700941842108816
0.2934830448087587
0.7771832850134589
0.8171825118459558
0.3243414318334821
0.7605839756860059
0.33699324224398886
0.2935173141877036
0.7328366815688739
0.9666828689376715
0.2877702910852077
0.7699043350013648
0.7430872906036228
0.9627781262520678
0.9837725963179391
0.8062325796834883
0.27681306343831397
0.1605472661516684
0.9356990894805162
0.020847178006564552
0.29440136266994105
0.7847980480818205
0.22592619799857044
0.8478317542273859
0.9485099722986852
0.9632314615091182
0.2586384553172177
0.23228975071325172
0.446219851654163
0.9755545664142098
0.03918844065200731
0.9393543798072725
0.9485314690682307
0.9697243581884338
0.3045352824534162
0.6978425821341845
0.8954415573688714
0.14395580870111557
0.2277078867334336
0.7348402383478733
0.12420804523968047
0.9596194912317114
0.6772124516454344
0.46786208558930525
0.8614002268181308
0.8478617250177162
0.8795421702349199
0.8250245130832289
0.9759968009281177
0.9664641704768068
0.9975949975949976
1.0
0.761458211694042
0.7652523467630183
0.911447933689002
0.8929282931781258
0.5630883002714686
0.9859633510904143
0.602406999114577
0.8578811164862351
0.8071451671307469
0.9982363315696648
0.7071768712558268
0.8856082203680997
0.9345263598637712
0.944699345771675
0.9504432539148685
0.961347538817741
0.992058479176925
0.9673528724355621
0.9956592728403251
0.9840091817828636
0.9894179894179894
0.9168096933524118
0.7856542141927022
0.9844376619524222
0.8846923954455956
0.9425435835743
0.792889692654914
0.6981173162168761
0.9982363315696648
0.7370392056431647
0.7431396880459411
0.7810591798538528
0.394836690832274
0.9965068953697154
0.9956091892569626
0.9982363315696648
0.9783536245401658
0.9357973336939444
0.9760640394404496
0.44764746078344037
0.8803518311144919
0.7038790461337371
0.9463225536598313
0.9091969068394297
0.6668096601410305
0.9964726631393298
0.923130293129455
0.9891191364730942
0.9797969686895762
0.8915278379130764
0.7179140178049666
0.8392915145707218
0.8884580257710654
0.9005791368826844
0.937710407032653
0.962717656089213
0.5939130645213917
0.9492080377248528
0.7777192443156459
0.04274656617626402
0.682164525821448
0.721455877241201
0.7392673705242104
0.9974307589241652
0.6737770983610613
0.9545622933873962
0.9301278648417683
0.9158565509690191
0.9552916654289649
0.949290694670668
0.8334918895540584
0.36681867232076953
0.9898010954762423
0.9349697269182246
1.0
0.9763180395771875
0.9964726631393298
0.6845575164051395
0.9766871874194274
0.8343143968403065
0.9016511750099311
0.8010127184453357
0.7950145833949493
0.9216175264406858
0.9592349320186263
0.8327308403017246
0.9708261896551902
0.9696261479813111
0.5679777683508274
0.5450264628653019
0.978916258966172
0.9811957469765831
0.7398325578442249
0.9838309072298015
0.8782153587296041
0.6734435728008481
0.2218423663451307
0.9035691025958943
0.24499278544565922
0.9924241095820837
0.9724254013511234
0.9454014815070536
0.8294790635440176
0.988618226408207
0.9934964007588492
0.9367162338363771
0.548824042872759
0.9377537321297303
0.9619667878576125
0.9372870861921009
0.950337203172693
0.9151303807504937
0.9910784615325844
0.5347737402473584
0.640264669683789
0.5241637325744329
0.8596185251570247
0.9629623864266718
0.4730370513846959
0.9947089947089947
0.8496465572048492
0.7974770120982648
0.5785703803305633
0.9323979939013003
0.998344057011246
0.9639589780971428
0.9334100305520817
0.9703463123652967
0.9502961059006543
0.8661135154107908
0.9461220754399189
0.9119769411801234
0.9325356634463544
0.9715200216767318
0.49082968262597537
0.9320076084454333
0.5828452364858522
0.7687612936519876
0.8972995767406496
0.8451977797122714
0.959880175438703
0.891571586365127
0.8956500773689186
0.9258298535443554
0.4349043193771567
0.9972196428245178
0.9960931433067055
0.3800620944862951
0.9960272215078584
0.8823276249318542
0.9971505148951538
0.5438381402242061
0.846962228469753
0.995246636782375
0.7729284921983381
0.9779440953989446
0.9918530845412435
0.8414870099118176
0.9823887506879327
0.9910629465543359
0.01621975826036113
0.9260236030512626
0.6936621663734917
0.04173230040526311
0.8096425916428629
0.12693923950114408
0.9458834731909697
0.8846470266530021
0.823592861343822
0.9979606316771068
0.980843715877355
0.6608366245929083
0.9924550986736581
0.9191799368896899
0.9936366996099957
0.9653015917927458
0.22302027262578908
0.9379619200657299
0.9139704147187552
0.6769673283694317
0.8088554900563617
0.9828196931728264
0.9997724298799567
0.9808404538721587
0.8337079524109313
0.4713218848304112
0.5912432245521622
0.3848742733851479
0.9686699391634646
0.9703010433499321
0.9693949339292756
0.9789511863282495
0.9884995996277124
0.36591706539897484
0.9166281976541208
0.6361706589669557
0.0776248321066955
0.9929453262786596
0.9633976116806229
0.017142976043793754
0.9740466861847804
0.36013594618304345
0.8951988805377427
0.9796507634032112
0.9790436564630115
0.9982363315696648
0.9982363315696648
0.9471348698618407
0.9980048719871867
0.0637115596635531
0.24233984190610444
0.7236402134385308
0.9425556985658478
0.6986798949659416
0.9125454482436286
0.06776281356881567
0.6129504565070942
0.06062005639957372
0.991443285814851
0.9923444289022949
0.012983648594615546
0.5358477100263896
0.6106314639081419
0.9522432743309676
0.9033899256494545
0.10075447151034127
0.7809685339588103
0.809431319635797
1.0
0.9814260342640722
0.9858631190314114
0.9581690729571304
0.946175061998202
0.6705076608082452
0.9874310495295037
0.995131882305243
0.9982363315696648
0.9748063309352222
0.9471471217604864
0.9708947372302006
0.09634643796581624
0.7874099822852869
0.9332972285443646
0.23101680971631294
0.9715653803010181
0.9739643527255127
0.9160605853562739
0.9180228902289789
0.947488557201246
0.9516041735986754
0.9548614609289235
0.9333695860823844
0.2165484485533555
0.6178885751316467
0.7541217926771651
0.3650007835315485
0.9209763794485678
0.8292169464930844
0.975008836162741
0.645647634067266
0.8169177654023012
1.0
1.0
0.726507257563966
0.8166905813088807
0.9982306717702676
0.7053696051178318
0.5809233645892582
0.5160427255113507
0.9986089375760737
0.9282966498342159
0.913221346406777
0.15630868048712213
0.38740292984946517
0.9923226228008876
0.3668454246970161
0.947896933253733
0.9889496648347078
0.8487847182931149
0.40481551657287584
0.9826872547960983
0.9819337491315594
0.7692558171586837
0.21021459078112925
0.9513259786826815
0.4935972557115998
0.029915240173406837
0.33538712712889407
0.9553223118861761
0.9163240293474092
0.38150427177488
0.8624669611438653
0.6971850199493108
0.8233400639260228
0.9345105611614323
0.9607589663897851
0.9894179894179894
0.1575304573220622
0.1447867371836376
0.3866003772815833
0.9672454588238549
0.3541035876086703
0.09345696184538459
0.2950496778346859
0.687096001652326
0.7846305584759724
0.7949981852166451
0.9906179595601802
0.9677867713187802
0.3663978441661752
0.0837246556644677
0.3572132797354991
0.5138456062155624
0.8755703593914684
0.770916125419382
0.9797000853752321
0.2759715159163287
0.7521544941809779
0.1570793308327156
0.2065516337912079
0.06455852902876374
0.3341914264594046
0.6811258687613875
0.08685901975240312
0.13206527970666282
0.13655254212501886
0.6424493616917794
0.8733006185400963
0.7886010806728609
0.9681277339593526
0.7507961955899136
0.8143469662913848
0.8788511779181729
0.8646703899832082
0.9750200339667783
0.4724705093117696
0.8030765567037692
0.813027216931394
0.2369392474827642
0.45739786420649947
0.7702082823313003
0.11928663755258606
0.9265094984966721
0.7746952714976899
0.9898796100669699
0.3375111176121929
0.5902209603467512
0.20573641568079512
0.7656334284297208
0.5758129525834447
0.8239796385517996
0.9139600926143773
0.392253320817457
0.6761888303106478
0.6955810134228134
0.5507987402368153
0.20170409388965152
0.5994516572625012
0.19043256759461166
0.24554727130169568
0.19062370504303802
0.9679904512842976
0.9369256089973311
0.8681604773472688
0.9601387473042918
0.07576304239248347
0.15018925756352514
0.9815044616399393
0.5491862669323888
0.36210802182885876
0.15930369663164817
0.9849624060150375
0.6261365234536057
0.25502419993801595
0.8171535076730911
0.10268026754188248
0.9712469619650244
0.9111109796125628
0.3256195104513794
0.24243464882451268
0.6156753171971667
0.7778907239324538
0.34040354815656615
0.060295252571996444
0.19011536331849735
0.46941439724058465
0.046972915067736376
0.8211405710882106
0.36815432472568427
0.9708070350249444
0.1169858009269441
0.07348726779393479
0.8143049918888091
0.34733661189395015
0.9916967114607234
0.9704833836308823
0.9945285208010989
0.8655229638645231
0.9839465102190883
0.7876812857034775
0.5666397757970649
0.7780148889525388
0.9202130650896068
0.8912184150394782
0.8498192695624921
0.7810287055577799
0.9847052991963469
0.3712679317571622
0.9981253499998215
0.7904856392224544
0.5222098493734866
0.977918559231838
0.9480106936116752
0.9896329042696874
0.8096862230094581
0.9821889139429386
0.9625254314490184
0.9672379155795389
0.8237189457788867
0.9711966661842226
0.7735011037840366
0.9376441330506999
0.9808779198995603
0.8537855403562086
0.5022286024986024
0.9860541296712073
0.980880545913679
0.783954518505332
0.44771029366733806
0.8963365535688749
0.9975714996738136
0.9984058921093453
0.950358856345803
0.3727579485718297
0.6671824651371713
0.7942718014184746
0.9834479592881504
0.7994082104572239
0.9646185125163761
0.9391778445476326
0.9589717456892335
0.6301040870869087
0.9583446501164068
0.9473838021868317
0.944262468130365
0.9423982678900685
0.9464839620322398
0.9622130622491489
0.9658090339951435
0.9766770074390834
0.9864476061317783
0.9467589670912999
0.22887655901011028
0.5115502610662225
0.7846381675751817
0.6486689223598211
0.1224605864836358
0.996183814697097
0.4607152059894674
0.49452977961870265
0.9098790990871164
0.7763972200805813
0.39446136649418234
0.8787036455494397
0.44742079188794953
0.9566249021077902
0.854792344888058
0.7967705529786868
0.733140706724524
0.3763294352627489
0.9968560485106086
0.45960796773619145
0.8871347505220852
0.5448533275410308
0.8945612489809736
0.9907252294526065
0.9477621549286918
0.9050080157627296
0.552080711139447
1.0
0.9830514460946406
0.8772352331788373
0.8973604732340748
0.7764933901338225
0.8070579122162852
0.9183487284882152
0.9907175546027869
0.6636020615122424
0.9092039229313886
0.9959371845218589
0.9630422625430417
0.8788979304970945
0.6432855222216008
0.9242620553609998
0.6482723347222106
0.22544148318859952
0.8940120784320458
0.03626215052357562
0.9282097967196573
0.7299760908929426
0.6041425155584691
0.992257668991698
0.2804848696274548
0.8056991852696652
0.8779189234864642
0.9543095115312474
0.8954930480778939
0.011173955444996048
0.6662286635274516
0.6789877344328722
0.6078411707862154
0.893603066160998
0.849954322293528
0.8360071125952776
0.7440190486331018
0.9626054837501906
0.6396862667262011
0.728626952939354
0.9468252700982001
0.8328595429813591
0.09131378312500188
0.2232592833955578
0.7549970172085412
0.6446419051198349
0.11091320202107689
0.8304285644372864
0.9739112283996598
0.9728828031691171
1.0
0.4059797549824145
0.0358598046180129
0.06071733924860574
0.2537590051505466
0.42440056716133023
0.9882100664193921
0.99488734320195
0.9052070478105413
0.8584362345413923
0.8357588632956775
0.9111163429626381
0.3003975737398417
0.9572668639830226
0.3163704486596164
0.7806245250668605
0.39980568849148196
0.4775624372930642
0.35354034546997115
0.8960372958703486
0.8884105155316104
0.9840791456505574
0.2047496863691008
0.5634735382802026
0.7399725607277069
0.8992057226493271
0.906232633073431
0.9302647764723292
0.8836425468873301
0.04813896724682591
0.9631551131291192
0.9473064757151463
0.9941274090236475
0.9914503787263915
0.732478567571896
0.9479391689517843
0.6802402448275857
0.7893848050360031
0.9252681746241239
0.9097641869432759
0.9501893507931086
0.9091960177291656
0.19250585506774548
0.05132735984115665
0.2785704728299928
0.9532164853971204
0.6089420621656808
0.4002413985241827
0.1476019366283277
0.916285041089958
0.23223604382354884
0.9946545165725242
0.836775399591426
0.9503270194096292
0.024620833803667683
0.9561263268050595
0.996140689833549
0.028314819309455813
0.7619009646224025
0.18163110468556942
0.8265063122326554
0.5945310821368921
0.8567077188097816
0.42166311008361934
0.13839964422257642
0.9511338411796983
0.7065705225875013
0.9707136715358688
0.8903186064019867
0.27615865190255146
0.46641604839201767
0.9421973456559021
0.40313834231636514
0.9602859610018942
0.009627809586141301
0.9241710005188015
0.9547189101162371
0.5598103684772016
0.960394215921644
0.15848603186385982
0.47121293870427794
0.6210602918128179
0.5022433252484496
0.3125671900163422
0.853714657609441
0.2713632935190136
0.46133302216562155
0.35352878597300674
0.8235469500184913
0.9355776891586882
0.6452751506314663
0.9696125863997782
0.5876254090715956
0.991017476430619
0.9961181569221771
0.09712235925967819
0.8056037574989574
0.271161076044024
0.43101827597397596
0.19216777260922327
0.9252212946151749
0.2360837944785417
0.31763473545418436
0.012192687761115236
0.23795616264208283
0.14174842742163707
0.9726243585802541
0.7547262421116908
1.0
0.9849883078053848
0.9771661031037052
0.5500009652629811
0.5624708985399225
0.7435815989079425
0.637749958548451
0.9937839493487209
1.0
0.8336109030853378
0.9704225051337556
0.7609365803677549
0.993925682773599
0.7811276079319023
0.9623757632548011
0.9832165973576992
0.8556561642327288
0.8856394707870598
0.431252490215373
0.9436732929442413
0.9808296909746186
0.9982363315696648
0.9897448650850558
0.9523899624782756
0.7190852763793063
0.816037793240185
0.3982804797015885
0.9683857893584454
0.9544147400885792
0.8679470041430238
0.924676302210166
0.10451021501110777
0.6184926285276078
0.8397629011310408
0.7217067104922571
0.42929226448761804
0.7261235845273842
0.6104286600663753
0.4194346691124606
0.9080814185143438
0.8637377751411455
0.4171452529665509
0.9174923899474662
0.8172735737313283
0.9448692338852838
0.9822222011728144
0.6635538061658812
0.7664286579990602
0.5253698860673813
0.8949236726795619
0.3167248823956459
0.6692143304999125
0.7524757303691184
0.14855633056719889
0.9226595808471171
0.9822279087238904
0.9575482593383244
0.19067694049180145
0.9396613424122873
0.7803744003265682
0.9963427910174113
0.9773404687139039
0.6994780925462893
0.9297780354792513
0.9078938938630384
0.705488097317808
0.6532541850968224
0.837664233056601
0.8992244216642419
0.6521717556120471
1.0
0.9456387983938925
0.5315945727907383
0.3363886393159556
0.8628301488985823
0.9040237836948076
0.8824545847880508
0.9521450746964653
0.9271068343111651
0.9186847739111551
0.8809112894655057
0.9354892389205828
0.03164379173059108
0.30597599034797013
0.9887970308359243
0.9527136615896373
0.984156760942407
0.22707932200471487
0.9744895517295493
0.6707814509217533
0.9025260102395446
0.4863899657356393
0.07638817595209747
0.4225579827300753
0.495102335851964
0.3790623375048072
0.7561252685097335
0.9862468901784252
0.18990286598569753
0.9961743066058115
0.8978104690030339
0.9699485473128694
0.8438778194691544
0.05325054356862131
0.9864727628630431
0.4954800466264729
0.7340593352577263
0.26073386945602667
0.9475661275846854
0.9924455910270181
0.944146067438373
0.9864727628630431
0.9835866339485742
0.9914537652987258
0.7381804300889147
0.7823806378257994
0.7146151859458351
0.41223430584804366
0.874952623032428
0.9672241380808336
0.980217273989086
0.9597671140375238
0.40162859737541
0.9929363737089472
0.9024834629843718
0.9838079401846778
0.9953956137162244
0.9712541051474283
0.9291109507795183
0.6609959645866718
0.07564414675801509
0.4116231113472185
1.0
0.9973425558684335
1.0
0.9938959344604607
0.3475893071571928
0.7887967998140111
0.9681354156672933
0.9641663483057694
0.35602623405360473
0.9857226428370384
0.25737698231799944
0.8322590093854927
0.9388157684806472
0.9653726649505844
0.3793525546920754
0.28090155150477564
0.961623800251806
0.03838233308967554
0.2902527828016693
0.7079701847220597
0.9151968295947374
0.4710644926530611
0.9541174459606786
0.054920464518546146
0.9899567381945836
0.9982363315696648
0.9956030670592607
0.9054848846356595
0.43386921807570894
0.6358971196588133
0.9879230658000777
0.3867437398601057
0.37473929591157845
0.6119896087376357
0.808770077134229
0.7995966758541163
0.9745062063757125
0.7306646372613981
0.4270168769081231
0.41767926217641344
0.6441269140239844
0.9487043406947174
0.45012124690342326
0.39598832663595634
0.4608803846832279
0.7819040126808849
0.9175583148772783
0.13844097240644115
0.5469321355078866
0.9519980606018617
0.779929775984
0.42550109019463483
0.6802082606612652
0.7231800794892029
0.7707424616468674
0.8964858943047442
0.5043192185838293
0.11775559572234068
0.2561595928440892
0.9982363315696648
0.16987414340152118
0.1578910020909261
0.08572288827719922
0.4070006172924358
1.0
0.5927496905616592
0.9763379353904974
0.7935817168007563
0.9106476729397643
0.7330043577753408
0.8602908260925091
0.7357255048471134
0.8183194623211153
0.8345035577669914
0.9774767812135564
0.9917243698141242
0.9279442918286046
0.8622134760035653
0.6634091735947525
0.844765333394121
0.8629754613519998
0.7611338004574149
0.3028012033737014
0.917168883140332
0.9640567745865846
0.8525411388870374
0.735200179039598
0.8885573805320103
0.9124810207389025
0.9848531478317124
0.9917511377723746
0.994611759257916
0.9012291095273746
0.9742342610993404
0.9244469152774606
0.9885696520084565
0.9948769631309313
0.5252936922647387
0.9936234094069174
0.8801315697189113
0.5059893060297732
0.9939361395182204
0.9688188051826934
0.9919591236168137
0.9095518979515091
0.9656095360713696
0.9962194570107388
0.9680124352048822
0.8555085065929353
0.9979427990979359
0.8025791503887433
0.9899606874517739
0.29880934832915607
0.9437726723714343
0.9961844482349427
0.9943959247617399
0.9929200388921862
0.9005024800578301
0.6968313183003018
0.08613147454778589
0.7064692783393202
0.4073700535837289
0.7525814187799864
0.7889398156153926
0.2891772654901251
0.9421549658738084
0.9048391986167172
0.26514962888142735
0.024741406312036623
0.822279916506432
0.18559493968349586
0.4616502486189125
0.969301390206136
0.9862666508878191
0.9870409111987803
0.5903648348769008
0.9860196446084872
0.512731391823233
0.11905673697110197
0.9082998222438571
0.761286657396095
0.9782434012073773
0.9990530639300215
0.4937725598477788
0.16364441610943406
0.9809255168644189
0.9872314737681079
0.9851245518705712
0.9587491102473377
0.9982363315696648
0.8507448625890764
0.03106505340588169
0.04922929113877352
0.970303690669603
1.0
0.6212862237454634
0.7235728353612118
0.922251007709756
0.13720488656451926
0.9376233693374532
0.14622177164059347
0.01775794685597778
0.6115760639347029
0.20802999099966715
0.8878002609510625
0.937384968671748
0.47728538837102275
0.07956915021882272
0.49431921629608305
0.535453018957143
0.8251522466609129
0.5926940416387205
0.340107069511122
0.8556826806024305
0.834448291902559
0.9652777387336366
0.593728680813731
0.9562790019120979
0.781252849930255
0.9545334834799339
0.9314588044017588
0.9810971177764363
0.2556257652608445
0.9557764709975457
0.09256844097185292
0.8635005630926696
0.7945527674682934
0.8730084625797516
0.9700165383680467
0.46968720495812943
0.9817959962979407
0.32955803916434523
0.2878471793407941
0.9628213269560394
0.3882657732243002
0.3637368299575328
0.9675837757098551
0.9666969955207038
0.9567321981916445
0.7427075508634016
0.8185962304594397
0.7982477313637446
0.9964726631393298
0.9282425473698462
0.9577593941873158
0.7624705403386983
0.9093224536933545
0.9473860811249005
0.09081443215166382
0.8449231308066081
0.982836480567775
0.2599418475496611
0.6467716452860883
0.7528695287393832
0.9551964799254077
0.9581759249767976
0.9378414371133011
0.9004759819893959
0.9772096079886563
0.4929429202700816
0.8522605169921499
0.49694707604995
0.9267698918917961
0.7003898995566682
0.8221688203693961
0.9935479759933731
0.3801844967472756
0.9747491858770696
0.21056193823584557
0.5557085295864752
0.6503954360795036
0.8277044798720652
0.732915307699379
0.9205430048053164
0.753946354000525
0.9810703947250133
0.9677450075641564
0.9344235679972182
0.9735884559620713
0.6419342030480477
0.6201973890052677
0.2284343908648782
0.6591156484625442
0.12814902538670433
0.13549295760930213
0.2967647646820414
0.2362082474306635
0.1805030442428264
0.12705199532239572
0.7270296927785318
0.9906629318394025
0.4218430283368954
0.7840191615108848
0.18061058155968754
0.41674452149350705
0.9902529528142471
0.8657875712164331
0.9951174910194623
0.4285289287527443
0.918089590224211
0.9830329939034143
0.9134538242022004
0.7624838136043394
0.5332677706227984
0.3082568745520467
0.7037057139817919
0.9612755780272331
0.9607003400831017
0.8772667687669472
0.8277584498377343
0.864158815621481
0.995722165934932
0.5724218423857579
0.9780512399835346
0.9537359917243333
0.7634955050301804
0.9639980722971837
0.8418689223571191
0.9727834712165376
0.32288081970238797
0.3488276161372503
0.9658535510348792
0.9987836769445966
0.9964726631393298
0.24908191435892987
0.9459764326576674
0.38115497741782206
0.8158854978971469
0.8503921430393084
0.9499055844630372
0.6780286792722855
0.6578840138889002
0.654160446545675
0.9982363315696648
0.6311966306194495
0.9535143494098016
0.6413156726461174
0.2645250084311077
0.9982499098552706
0.749308503072239
0.8950433230046357
0.9195712859612589
0.5328545670386431
0.9597522533095815
0.31336555451181386
0.32550284243526123
0.2942075417512388
0.1852504669720524
0.24778099712101326
0.5523776834635495
0.8769366469488465
0.047076580723373805
0.08774638046050472
0.9964726631393298
0.4041990863634384
0.9700050886753304
0.9824401749922288
0.9853351664375287
0.9554468448717374
0.7716085726573916
0.8281780159714375
0.8619379493529168
0.6411848000101513
0.7605071065859218
0.9954818381784672
0.9982363315696648
0.8829036198270817
0.9634650129709061
0.9960491168667484
0.9840511305760768
0.9397181815102907
0.5989971858673662
0.16297271875752223
0.8955538265951866
0.9956208232852224
0.8960021903495758
0.6748050422458158
0.028155616199363628
0.9380470500655883
0.6208608779268893
0.9341648571100746
0.9849663799606421
0.5916277556490012
0.9483396359294941
0.6269194819092984
0.11093486191021791
0.7455747132033059
1.0
0.9683639660680312
0.9676196938775575
0.7946169313360285
0.623380649444822
0.9316007301252828
0.19162421000618612
0.7859159163899425
0.26175399767615676
0.544026834596643
0.7011603568359094
0.4369447702210274
0.9616402076265846
0.17584659097338998
0.8669125702720168
0.9862606341771599
0.7514864194361771
0.8542635092413805
0.5657851122495384
0.953572412294007
0.7740313209445498
0.14833843801346852
0.9325816165101549
0.9702214644974256
0.9739169041091199
0.9978709735053886
0.9604460478129947
0.3122434416095221
0.8065380715050646
0.995096000297711
0.977929362212173
0.609289687422024
0.15635560802971063
0.8932389437613792
0.8690421774114971
0.8168565529257552
0.03875823212112026
0.9420981694813807
0.3163159865653327
0.32886706380776676
0.9501944687143674
0.5022702748451067
0.5751445263238819
0.9798507152214709
0.6138120356549108
0.967451343046456
0.16585176722693848
0.25864428667942
0.28379727454550535
0.8608056231833242
0.977369809663914
0.921606205011593
0.9454911045265835
0.3767954862582183
0.9654765113173132
0.786002075413715
0.9983203157806332
0.9321092930049562
0.3686838473483939
0.8981442456764063
0.29141876119717175
0.24362437620385421
0.9664595085731391
0.8486326171280322
0.8886630317285781
0.8147548832490518
0.550757031235278
0.9586770254050323
0.4520229740543988
0.6165011896573098
0.9828473644580429
0.9388449648337248
0.8091292152322319
0.9944265382191568
0.70551103784322
0.39020107946298194
0.753499823817139
0.7357765178246722
0.9306674766094494
0.8777136837927906
0.9844197988852355
0.9940665401479863
0.7402235180788704
0.793598679414766
0.4788119457459024
0.9077872991158693
0.41869279913599333
0.06984428063268432
0.06815930477572238
0.48795222511794967
0.84486613182667
0.09537164299604979
0.17107493121098086
0.2635454717460391
0.26299691678179293
0.9240779618458188
0.957678308201712
0.7686105388170397
0.25554643050057085
0.5280055024605311
0.7120317769303617
0.029984209774908052
0.881522493654593
0.07107803634412385
0.8291618400011695
0.7540226720800192
0.9438104014945533
0.04498220799980987
0.990067268551142
0.6360402264766816
0.7632338516163484
0.9195515472117883
0.9518266942391241
0.9916121037522269
0.7147293954431992
0.9928761176158849
0.32366741863733006
0.9563519562963163
0.9884413287476711
0.9628872899079082
0.8463837045419601
0.7305490828088063
0.9546079891616305
0.971904351749313
0.9551932219109825
0.4848353925660817
0.5295881176958226
0.9947089947089947
0.5412956215372174
0.12379720493923486
0.7500185875071592
0.947185422685955
0.993323020226805
0.9995788254494721
0.3627642137116383
0.9995800789451584
0.239704207184363
0.9566702088197258
0.9548581821654107
0.9614823162152131
0.6093623111914404
0.30707874545656644
0.942165593866756
0.39819969119857473
0.9933354444733489
0.29977982301567285
0.047754245913827265
0.42156521142620806
0.27101644764763133
0.8952806024206124
0.9575368465459009
0.26617292766179257
0.2609039871001814
0.36976288690118986
0.09714204535652393
0.9872179743688718
0.8937012741096151
0.7726733801382065
0.8656949318769961
0.095700566647653
0.622237434321453
0.6662160295953575
0.4109861984793944
0.7730624460548676
0.9516074582710593
0.3444784695692923
0.7652031875303155
0.962560728094252
0.6659089429102845
0.23032571089911252
0.6158079963611558
0.4759372216814763
0.8717751790696745
0.8008117393314521
0.29809453208953485
0.5625115726625919
0.3035911461884788
0.9794223086561697
0.9421126450461379
0.4786597879920467
0.6459825600650893
0.42132136930862213
0.6091538854271964
0.7581337835123098
0.06498373479057239
0.9129641693140496
0.47167171467870994
0.9508431156109888
0.9541077784501197
0.5764861236401971
0.5074080934288366
0.9616345077631963
0.9202312331612766
0.9712117105908875
0.7722695762360586
0.24779849890806985
0.8571999566470132
0.8841724401160829
0.5890421943768873
0.5364188081321613
0.25866200580969634
0.9161731330886173
0.08743226156905215
0.8905397439028321
0.5503116948615627
0.968507730216071
0.46427252020199467
0.9400702871670122
0.013196669441574375
0.6957762948629097
0.44323501012736954
0.3481963585552563
0.9482021697407795
0.14455841145380113
0.023435081641543107
0.2609979893169045
0.03217105425727896
0.13134939218494973
0.9041976330291482
0.4685050786650939
0.09389053839613032
0.5888056631412921
0.30977905835242675
0.9299482212942626
0.8402414299568468
0.46651398032948127
0.3604101322545545
0.9152906289553131
0.5406725579911156
0.9976936643603309
0.3729828847583901
0.080450388452399
0.5742938415230088
0.49335065167040726
0.5499467585845085
0.32671160392848503
0.6074334390191374
0.23807874253509698
0.35426954239154357
0.2204716075606319
0.5778696692277613
0.7628359335201682
0.6228752862164485
0.19074938595644317
0.01330632259690253
0.252473565973394
0.44301346415127557
0.5154760966005818
0.43989031906323783
0.9273685748999606
0.025596592261751053
0.4514605037974778
0.016829948584622025
0.292203627526418
0.05092740143773998
0.7871251352436847
0.7333813827835202
0.7023529082067568
0.8064711206359662
0.7481399999390087
0.5007738634261618
0.9982363315696648
0.9367747803546125
0.9736927048076407
0.916702124363008
0.7420446804084381
0.37860800420986346
0.8840823200747101
0.5224623916509693
0.5244471457929231
0.9492857600689489
0.8255531862062195
0.9952714122082209
0.9765427591946136
0.7754722056741782
0.9791860027858055
0.9217067080538929
0.493526656865918
0.9964726631393298
0.8368157854278553
0.8002484615505714
0.3116704311421564
0.789786931465767
0.0673111455006408
0.20936097950546476
0.37303552038697824
0.780444922207039
0.31140853079709213
0.9373256706271696
0.5671778967886952
0.7837926754988799
0.757656798804838
0.9700386842568217
0.4070903001039363
0.89568297564483
0.5124985969994171
0.9772604820223867
0.07414580228974635
0.4891274690460204
0.6812581092781014
0.9153350868416101
0.4662262859842392
0.44470811616082545
0.291481278744899
0.9724464144133652
0.9035388769674926
0.0640082564768684
0.8561646270253218
0.5284147671759863
0.9664474923482457
0.9596738787589076
0.08025957354297598
0.9577710502717891
0.9940216743703322
0.5103566197284887
0.0673991112707537
0.894420577936867
0.9388964952830028
0.9967292707862379
0.058622533148526404
0.9346483119445287
0.09352419859606219
0.9783298490185225
0.9453989325904798
0.970467247535868
0.4845906994856424
1.0
0.8609204581674943
0.6419566108040679
0.3165092535192774
0.9315525762078656
0.833998506175887
0.769722702584702
0.29264038601359166
0.9681369100332669
0.7158338710941113
0.04775318708602286
0.19158037584931614
0.8828797859219439
0.7555399862865343
1.0
0.4567157824664629
0.44944520599845306
0.07451157886100941
0.13877441861088763
0.23453678208982412
0.8981314519981739
0.973173078880351
0.4752967967429634
1.0
0.41680950604307615
0.9728764556468238
0.39213497579840423
0.9552611087302351
0.9818957784991298
0.7682201487057474
0.9913334349062916
0.8586128622297681
0.12110764354869118
0.673207944880315
0.9711016555833607
0.9623898579919955
0.1893127495466264
0.9301427462277094
0.9934682918835878
0.977987851375487
0.9542834088283237
0.7219397248455384
0.17967925857242395
0.3956185418539553
0.972243429444264
0.576952375184741
0.5198739955084024
0.9876414293456505
0.3958091830204696
0.00760769279159698
0.18178716803995407
0.4560713444590524
0.14149866035386663
0.007938030146221528
0.6234107314719117
0.14592956505638047
0.9620019565979762
0.08134482062984678
0.844678333932973
0.967136848943867
0.38292533169676957
0.10326473700937133
0.3915108926144195
0.8294395742349426
0.7217561830683484
0.8091784699078826
0.9494647262728754
0.4293346799466424
0.6518017914355386
0.9892840083978023
0.29840407687096415
0.7022360928878539
0.9236482141497222
0.6679216252904026
0.6496851557266302
0.8904508633261516
0.3260196873763737
0.9942971865919186
0.9176905149367781
0.9821814926372616
0.6481147679901037
0.6782264896679185
0.7553105276932769
0.817151475945636
0.9754371083555204
0.8492120936735841
0.10952968761044793
0.9062956067213571
0.867279639854002
0.20407946881030223
0.3709359944869661
0.9434403715032103
0.052580558819397216
0.918272489250639
0.8511521344783386
0.6253477142251463
0.18356161669163398
0.9252188026354226
0.9907635366125579
0.19867731338761394
0.6389286477850672
0.993423129011219
0.95428857719202
0.32086274035826834
0.09037333473182019
0.09665378374877232
0.9822255340810231
0.9716216254239929
0.6258509252390173
0.9662871156089549
0.2768115578388184
0.25860708988457887
0.35521010019118887
0.9896480331262941
0.9858906525573192
0.23016329220100992
0.9382178358370892
0.8010124632199623
0.2863091421035572
0.2620470099368407
0.9969332431054464
0.8759663625366612
0.6875388852167721
0.8667851037385241
0.4149409348128307
0.9195633557188103
0.9914203624221797
0.883891706914708
0.09367537162395498
0.26461741643382
0.9775497038654479
0.995986666872743
0.18650042857185356
0.9887202992318134
0.6706881647391119
0.9140883081697126
0.13171496306489203
0.022867883222617607
0.8340789974166617
0.5604248303893128
0.9972673794043139
0.9387546590101313
0.6245344610821633
0.9522147398032482
0.1365282870395697
0.5637362581834132
0.9903970642401879
0.10096520184020757
0.8748991829370331
0.9024954262916141
0.9962812218325602
0.9430663134620467
0.948325032599411
0.6360329804703505
0.8824849056828761
0.5236287888347407
0.6776746875440215
0.4704380051392223
0.5162683081789841
0.9635332776281124
0.47130337955855106
0.8615186395365664
0.9029635960698084
0.9413271361853528
0.3619206982529743
0.9227578794887288
0.26286985887135145
0.1766551404205865
0.9711641384626668
0.9849952028994513
0.43229595579074537
0.2989086668202499
0.5485068540389099
0.06146480881734317
0.9398348705406548
0.8701220109490612
0.4042347816895199
0.9450799584701836
0.4036547567763072
0.38202945558969187
0.5541875922688708
0.7484623927406147
1.0
0.9504485381045324
0.23235072065789705
0.18300426650788085
0.849199309020312
0.9460599502162256
0.8764472131682918
0.09645776618805955
0.9556813282206758
0.9331725879054338
0.9937472825618306
0.7797245733216775
0.71891543652699
0.33350113455472574
0.1584108666532055
0.5176602820990845
0.9437407102795651
0.9804710480362052
0.9101403241347585
0.9457797312377817
0.6020999885432768
0.6044452685798128
0.7694305086488182
0.9478606042795649
0.1028719040424817
0.6331671644713175
0.9654065017413186
0.8032804052881257
0.9813267489902275
0.2839922930878606
0.968580410612288
0.7305188742580189
0.40751488992827417
0.20354985633473033
0.23510657045563788
0.29038541766286946
0.2485890458510095
0.2363330997496579
0.3534870650948563
0.26486066267261704
0.05940946334889575
0.7925949806319228
0.45393522165782807
0.0972539997439945
0.9816323509658426
0.17877678756218024
0.6580832519452174
0.21838102233443185
0.16058366826317114
0.4036700497075794
0.20115190514437628
0.017957313877004652
0.42070600717403916
0.6911971778803194
0.6813668180622805
0.7537661684989727
0.9937535379712251
0.9006755889637462
0.8799061160929653
0.9933179322850684
0.9468078021870198
0.9913177867961869
0.7651454224626104
0.975274114584722
0.961847436127638
0.6094560277418102
0.28904996111431214
0.34998451881781306
0.7413744572932344
0.3553558949243128
0.7282859008718023
0.5761975646643073
0.9114219802065944
0.8480296278662799
0.38332870135211033
0.4977408802280899
0.9271072553025564
0.41711499100104477
0.5939307405759378
0.1740604238082412
0.3661429600544856
0.9771633754761004
0.5406016614014928
0.8747996111420387
0.9771633754761004
0.932705958059307
0.3726897664002884
0.5566826540952438
0.9255146766385571
0.873665698408124
0.6206955407631761
0.6357948052724818
0.9193641038932557
0.6418473881363642
0.2069965578183735
0.9391714239596132
0.9767164685706796
0.9850071843781619
0.6902264487108899
0.6189436506652988
0.82658391146616
0.07645754133663632
0.7979756350009252
0.5183501987724228
0.5619549962107783
0.3438929073278957
0.9223081459021971
0.6017617572575923
0.9562209656390975
0.974679845969758
0.3561478302546363
0.9581789523225813
0.33315692667775465
0.35949865764872424
0.3905924104091933
0.9705958894260671
0.15195541356660852
0.9377957558157685
0.9476734097539143
0.49562633236447345
0.19957454454537443
0.10722702644273772
0.8606375736403299
0.05365701732363862
0.3996332394122528
0.051076920179024404
0.869881722925493
0.6819638442346094
0.038866284616916755
0.9410140598756906
0.3721892635175838
0.333343824005982
0.3515866752628067
0.32837376362798104
0.2255623370726678
0.3854627684500118
0.020789651896781166
0.9439602228347135
0.6135112684404014
0.533796021404041
0.9518613206742841
0.8612448586355766
0.9598664131721799
0.5608430799516173
0.9917132614436811
0.828123070106788
0.4592437666003827
0.9825376290236704
0.8686464569766078
0.7262687197975236
0.010371581499715392
0.972677395773141
0.15298018673304092
0.9005119933942395
0.6896327079374936
0.9673834204385059
0.9706747785357815
0.9748334385142414
0.25863692513006564
0.9855560569713927
0.9674694539326703
0.76297825414894
0.949645023054207
0.3281399430574646
0.8759251141553417
0.4535737588552261
0.027310484359153564
0.2516554465107093
0.8932230629946577
0.794355537551612
0.9929981809777619
0.2908286162861246
0.03151256111368796
0.841722326519462
0.06247471099988697
0.2544455985599151
0.9002991150592166
0.8093369522241631
0.9745873481938491
0.9851644870821867
0.8814809086551632
0.9994924695164502
0.90193922915231
0.8906594430632983
0.964881641321844
0.931694441401177
0.1765978193726295
0.30248670304360614
0.4737149458347924
0.9228935192460858
0.20529103309230187
0.9771707341620681
0.06435383917193763
0.9735570233988452
0.8003240728879871
0.7080646136757686
0.37228280915156464
0.74591043462025
0.8182284186442625
0.5334959429612772
0.31528358049976374
0.7791932225179992
0.20960721025204387
0.25590513007675353
0.7262442353598128
0.5513470018706537
0.9561615217796828
0.8959531160855703
0.18631759372056925
0.9080586488333883
0.23867975803021907
0.7626313065565543
0.8418021361232159
0.8480497905961654
0.9353592124566024
0.7734106327012583
0.04723544096611351
0.8070480024846671
0.9511913228457949
0.35135233192859
0.0855100215548002
0.6441648558994859
0.9595897806074297
0.35754896238429495
0.9017776873262235
0.03451270067303019
0.9493162926209211
0.6605515912436857
0.9898989898989898
0.9861673384035863
0.9809733461294344
0.609525253366433
0.18350167395946052
0.34596567161324704
0.043688991010608254
0.9751255010811445
0.09956308746245505
0.707295589726543
0.18774883743325474
0.21024197966006958
0.6168659136773551
0.5179748426038303
0.5604720755135633
0.9408629459748976
0.954954116015037
0.9984313356834212
0.285645576743233
0.11321607261223472
0.6939559520109028
0.9585408773225758
0.9927824279764713
0.9927526528846684
0.057337176188967234
0.061462570268616235
0.9098237880313956
0.96083122437431
0.255034869812878
0.15836299441228074
0.799420341363087
0.965515959443976
0.9695326025065738
0.6242003091792032
0.5552276289667198
0.9711224816598182
0.9042211488228932
0.8632912006216972
0.9836725341293753
0.13102417837457714
0.2668943318658414
0.3698924343449772
0.011312325127834652
0.1535862477535111
0.8323772324688052
0.01957807579388079
0.5610840504008134
0.6828027578146949
0.9363740581254273
0.8329355404431346
0.8144583045379045
0.8118947988579577
0.9964726631393298
0.9372525715368994
0.6038418761004968
0.4191709001330001
0.9476034882630369
0.8304897134448006
0.5787836482827041
0.981750134555087
0.6319266848969
0.9278896910995773
0.07959119784198482
0.34369297174361924
0.7845015032347004
0.861223159767779
0.5187346258256207
0.9207748928552442
0.9898021101346139
0.9005858418430093
0.7880686620904018
0.9952565200666216
0.3158888011824188
0.58503699633558
0.1548902660068767
0.9503685000804963
0.9875108809561157
0.689945705053806
0.982363315696649
0.7533271372775282
0.2824729930129362
0.20629956264069996
0.7267087945148963
0.5227094388816603
0.4798757818085462
0.9266843432280394
0.15477744578887484
0.9436799395620513
0.5867783372803977
0.3793869201140477
0.5104033343900212
0.9489045675913045
0.02794451694052573
0.9295760952588226
0.6185405134139816
0.9980341096065574
0.8052350750877483
0.5197040539243077
0.9727438433182513
0.9283967503555748
0.9749359448778998
0.8801851202489787
0.9347057526305023
0.987388912520204
0.8620671936944606
0.9906741273647748
0.9751704284021253
0.062150070409886515
0.979282116612879
0.9822286939143587
0.9944945416648489
0.9389873628460449
0.1779640454072173
0.5826772757331283
0.7514055630834269
0.6647754232140486
0.4557644997706955
0.3407292065477691
0.7017065237091528
0.5106772141933469
0.9616084781671209
0.6793726030411081
0.487996167620021
0.22695734340126675
0.7863342063799948
0.4527355314509199
0.029224738102088154
0.02063208441883818
0.25736807920766597
0.9060598748157442
0.9359993441556858
0.8892602336755406
0.3167472302326322
0.17336800855616227
0.05481995109218136
0.9612112315404273
0.9755136379717922
0.20835075436124362
0.9158327762269528
0.04412932848396817
0.8846912633790953
0.986068410876804
0.36243515875007565
0.9707362352995536
0.21786156481512536
0.7504493041374354
0.2046719717262986
0.860677938896296
0.20250408469053988
0.19345732109383687
0.23400165513722404
0.3760895286791473
0.1485387534286633
0.8818033722792478
0.9853307237281183
0.20311795157277676
0.01899089354734126
0.035140291367032415
0.1327813949790863
0.10697050501633344
0.4204136018682316
0.6813944533815046
0.22230686000446048
0.1820696317523658
0.8255230150442969
0.9319279892904385
0.900812345409389
0.3536296510981795
0.7375306124773181
0.6534567253355674
0.08905811788850254
0.9440637386064555
0.6352430432460798
0.5441707651170564
0.3582258917053291
0.07683350253979473
0.6309067109732011
0.8596598309736966
0.2739357337032906
0.0901938224843343
0.468736831749894
0.9175004473206972
0.8024560225478748
0.7018277028257263
0.18768529048158003
0.36683597795188416
0.9798382188758479
0.597408829107997
0.9657217567491617
0.6167626896118655
1.0
0.610935340529176
0.3831615543481898
0.6921726804311683
0.8912603689243652
0.7182219634307778
0.9964726631393298
0.6357882281816263
0.6357882281816263
0.979108494985518
0.8467078279870773
0.9635430391775247
0.9598845529612275
0.8735776822671524
0.6541679802006218
0.5866153695401383
0.7197186698118619
0.6190167393102751
0.7492624980445474
0.5880735321708541
0.10979421850492888
0.1012085393867735
0.9836084296675455
0.10653822564762538
0.07479588983427533
0.5991932790502031
0.23521935314529216
0.7970170593974777
0.9013537299672314
0.053824200235157785
0.9675025847477565
0.6664436140269676
0.9254726694225975
0.9172357672848583
0.9156135256380591
0.4087505155676678
0.9786527705433279
0.9396695528059893
0.7702344431457624
0.43690427902421
0.46620428189317253
0.4426291318202758
0.11679387902768085
0.48359120339832024
0.9852521422420355
0.34375656059893545
0.934013366228302
0.649012182124085
0.7281708141925108
0.7744180142052579
0.32371322246649104
0.783133002269719
0.4822134515748961
0.23115772778441757
0.7016172086991801
0.9227209757315252
0.9893301553824665
0.04305173470443103
0.13681396303455265
0.9580523027894472
0.9854253895719445
1.0
0.5631903912691419
0.8137702862312359
0.742079179063083
0.9990672586009934
0.9647262801916816
0.5395137699997536
0.39934961530635893
0.9664271540128077
0.9335534603817532
0.9352563033506078
0.3058273761973963
0.8798452179656466
0.8655674627978546
0.8900625176212713
0.9247233380305999
0.9488540879510066
0.9622625448604755
0.919603515964063
0.9504426272182129
0.9321021180359306
0.994681349401503
0.4916855869271595
0.76378442884702
0.9447750618034139
0.37959786119894173
0.11292502707619165
0.04846335698775311
0.9229179509824829
0.9780440157270164
0.3916835063440259
0.9583365680673999
0.07645947358783717
0.9350730793446183
0.16784639465395204
0.2270368466116719
0.24017876812217048
1.0
0.787520843495713
0.9820599967940372
0.23055016078550405
0.011579922919410028
0.9890326170519406
0.20352329631957253
0.20437454725269572
0.083970148992757
0.23614491532635482
0.7566011520158156
0.28287574138045213
0.3693502795637642
0.7585666247574799
0.34895251997403326
0.44948159282375916
0.1885228936580933
0.3272751285585462
0.8584559275618935
0.28611689522848016
0.3862448143014652
0.5501917164281761
0.4682989466222457
0.48531970333962215
0.40555432991673995
0.8787372156091171
0.4175175947653186
0.7675250974489664
0.7023050280125421
0.5781136711689409
0.3987898097757189
0.9867580199801773
0.1895339846165128
0.42549524321462273
0.27460449456133923
0.9738273293492783
0.7401531737279314
0.8276710505168721
0.9260579038992707
0.9654958270300059
0.42666427191631684
0.3024153863918665
0.9826882298234707
0.42045280015219644
0.8930463033087459
0.9190125332620186
0.049479964160688804
0.4871364325466844
0.9659203284443103
0.9855349984921284
0.9739980749646194
0.7434861559118515
0.9712363521196093
0.7628538354767487
0.9630492019338851
0.17435029878967415
0.9666772129180783
0.6285888217721958
0.23804555142326936
0.9982363315696648
0.7037693844878782
0.9678261612368202
0.9084424312757154
0.8695255421714825
0.41319653240669996
0.9495214028372281
0.9898391357265586
0.028430033525556148
0.33151436873514617
0.4280397175529901
0.4020021217596635
0.24166996774664018
0.6320455028763612
0.2616250251197675
0.411032513273017
0.07231023505341233
0.5387796003580406
0.38167178098784504
0.12587382022800986
0.9676863901457848
0.9716003240002368
0.6235360681646941
0.924641475773071
0.06263306323810218
0.2115424417799776
0.9923038172514985
0.0902844482893434
0.9523033796503398
0.9737962151417904
0.5722658156033722
0.9847352783957329
0.9620208204907257
0.32849194833645595
0.8204001282868321
0.9617329927104863
0.9749770981826751
0.7359512074187996
0.9601367815689451
0.390563412286347
0.9266074656989225
0.0672117217683424
0.007122213178483333
0.8238977630350834
0.9318968036718084
0.9978518477207896
0.4123518236241098
0.9326259968509474
0.9996227447207838
0.6872708849278922
0.9697903411074404
0.8830030532269358
0.37961854727455785
0.9583577158274142
0.9479109509731379
0.9598704748676846
0.7454714352201468
0.07082455718479909
0.7644514161336352
0.00996197086692087
0.910757530257317
0.32478326267785895
0.6377220902033285
0.9720807959953965
0.1076648258582912
0.2383762224255472
0.3881243138874716
0.9474819836389259
0.32931222209476757
0.9635388476217434
0.009471310250210039
0.5076767326622924
0.1565610065863117
0.1314798166883459
0.9701587486619805
0.2412878668168794
0.31925760370216333
0.9736532159842094
0.9622511287853363
0.8729377169314542
0.47642908188197874
0.9447598880423809
0.3708601968031306
0.007834430893367227
0.9680236558785272
0.6345804128127601
0.12728252044003385
0.9402480024119131
0.554231381094766
0.3065104322443754
0.48611935434442727
0.5899666319597472
0.990115751218
0.031161597874937413
0.4371341916286124
0.9506233037203723
0.0351397993289183
0.9982363315696648
0.20076334212658706
0.05394505080891456
0.8493702116855772
0.5989680404434753
0.41370242289558845
0.39136831339613837
0.9982363315696648
0.5464736209080837
0.9014530618875729
0.5944807951756811
0.5540977678865253
0.9385872650797008
0.3763362151067676
0.4357673902666672
0.9671691460425607
0.9427046338736492
0.6274234542697754
0.23000956057378544
1.0
0.5285970728599724
0.9160277658051629
0.9955551730894568
0.2901212460035449
0.933165259515476
0.9479561348117019
0.5666376333252484
0.43514769299998823
0.23395356703077053
0.28228050495801
0.03670243017040132
0.6547439619798013
0.9800445217005237
0.6238250174399897
0.9124260327275664
0.33157204473363555
0.9697434613794803
0.9921479621581839
0.9748071965844137
0.402376616004092
0.9529794002033833
0.5610743061515957
0.5346042815937773
0.04552806841183194
0.4276295644029472
0.49089500635623534
0.5323637880052832
0.9335153350629558
0.967158714076784
0.723634693468215
0.6710102030409495
0.26140143293735424
0.699620053407316
0.9646821098522201
0.9744032714213973
0.9697016425959178
0.9959299959299958
0.2623903860529092
0.5652792781222771
0.8248451210605248
0.46522103133074755
0.6292470619719263
0.6801738047598338
0.5186342928336258
0.9414991992226838
0.9895076674737692
0.9806316045622882
0.6657386094963597
0.2830759329223279
0.21805331302098555
0.8445504971312628
0.6196373270362157
0.3603181375173397
0.28762379912101094
0.24913811199949226
0.555634805242455
0.3610693204171343
0.9831905913036199
0.9626603706464666
0.724812853794603
0.35589629300606757
0.26774556551760426
0.2920218977901273
0.5163465434115627
0.04520030117548822
0.6894850553122717
0.7571767587082995
0.7810449583575796
0.1857240914132421
0.9685991140318858
0.9670410695340663
0.7672316553784199
0.5155974932077426
0.9163819171381465
0.1804675582314875
0.2911978289110759
0.7327315958753126
0.5263634414541334
0.9145352525492657
0.20619472203800313
0.32019003445378635
0.07132711898841804
0.21079433961325367
0.21224515353488946
0.32235833941878067
0.9127527815736186
0.2877136862008552
0.17106184040849373
0.1973837640141235
0.9862437429002984
0.2372120478182189
0.4319430495745236
0.10436849860432948
0.9163128023052923
0.37094127139446686
0.6527119555123782
0.9267471860692242
0.2625070532367905
0.7112875536683895
0.061392160654924886
0.010499207903405184
0.971325389557482
0.9709173096638294
0.9828142326857342
0.8122191465300556
0.23753127303236654
0.058995335237024604
0.9419752193208614
0.9704631516204179
0.5723763788828305
0.9601370714519636
0.9485175878006533
0.9714120360791504
0.022117984945744795
0.5670321338024671
0.4470913159453322
0.40409742242608265
0.9969536636203302
0.6343983299971073
0.198029754719604
0.7688943577704966
0.6673510924859531
0.2686650016466998
0.9474250982244896
0.957143716728303
0.18054219355063533
0.7146387171459766
0.2561739832900886
0.7640541451870575
0.25135211509515043
0.07549929493518676
0.7691459014463816
0.2618725588471397
0.9362292927093293
0.7767693695093941
0.877563327229825
0.9118581929488425
0.40609977759276217
0.4037632416982171
0.8297217312893617
0.9616582532412348
0.9570664305334917
0.9028882516336905
0.40755922598730815
0.9485391378126533
0.028205798743693247
0.11412768456040062
0.2658321415806699
0.9538731181091237
1.0
0.9987579799786374
0.9581024097561426
0.9982537936333317
0.7383363287300534
0.9439239015528099
0.6714678312108018
0.8645011401080182
0.061648314886591046
0.20367686142560915
0.6572614506045976
0.48689105701724766
0.5402171575425969
0.9506152580998166
0.5442031088708499
0.6304071751958795
0.4562170395395227
0.9445799191692044
0.08638926442109456
0.008404355892614382
0.28354427559238715
0.8355994278494697
0.12617059936456143
0.01618295843805285
0.47135474388640725
0.19340380670083235
0.8085893322508937
0.30220186510770947
0.20388929041789441
0.6980753038970706
0.5723811648188091
0.3114207744486332
0.37000600013454227
0.722317750073206
0.6084364415443309
0.502910425005354
0.012990545424520595
0.19833952046930103
0.5127784907527361
0.9361383605766674
0.29590536165066916
0.39333548742910834
0.17661034870702275
0.1503732366761516
0.1352255044633245
0.9461732483488389
0.3147138397732174
0.030541921621012307
0.2596921966996746
0.46965306596083556
0.5644540688731213
0.5282493248721449
0.8879696218855062
0.1522595778010998
0.3743373529652819
0.020715658179662536
0.033357686864016856
0.0843733947250005
0.5722036181340147
0.0355043438406688
0.9376635092744091
0.646764852161961
0.17184430942529125
0.7882609707201463
0.4255992187667465
0.4861557814996851
0.49526483007428695
0.8718676018216306
0.10810448518663081
0.20108931138729458
0.024818336011154806
0.41037815206507766
0.21656720719178385
0.977938007151752
0.9552313089150217
0.8752252265662606
0.4040302953140965
0.4161507420610962
0.5093584024773572
0.2774228468711124
0.007208174707777455
0.21500094715166293
0.6372219096457133
0.9498657937070952
0.35646569748258666
0.2309101509886769
0.6610236829423152
0.39636201226848444
0.4260370552432793
0.9708530618491159
0.9665483983168736
0.8586794343372396
0.7035144782893041
0.9677185518904202
0.10228575518991352
0.07482646803009826
0.9384233190095125
0.007827597049008355
0.8690071693218687
0.9825207900742033
0.09526259296511966
0.6892872761969594
0.03337362005837754
0.8860596579033267
0.979373674726843
0.8614821939840516
0.4638921001703958
0.19805920280590744
0.0683358446532473
0.28499357204754805
0.09289946045673339
0.289204666138966
0.9195183949736839
0.022807749789117388
0.11690695169365746
0.2759521135887318
0.6515998478064821
0.054003610656372214
0.13595021251059905
0.047444449112690905
0.226232709942547
0.15010090309233562
0.937589595624776
0.9224961315570294
0.04001596597045618
0.6733263981194891
0.09522814040845841
0.2654311172983809
0.6095930754646386
0.8208938622828965
0.9763663616152379
0.9862630496908499
0.9310001740860833
0.6568984806803454
0.4985410865737828
0.055040117689839345
0.9753402262099078
0.95535935605713
0.030411491239727608
0.1459172920645333
0.9038396365503989
0.6163852659085686
0.023716899625964922
0.9611386207603668
0.3114015406766879
0.14633914086645503
0.6620152095638583
0.7297918392844842
0.9458831435808781
0.667678631377573
0.26411820695173643
0.939076035700902
0.9562060121226302
0.38741542415122243
0.3681428324250298
0.8899057983596551
0.9442661992572773
0.6966710761259596
0.9651992599090926
0.9451896854308395
0.3168590366576874
0.4484116467874553
0.9484509502112386
0.3311233451077187
0.3667861701747869
0.6699676936324415
0.34820063252958633
0.049685219713847796
0.7052471593531597
