0.4703542088043585
0.7235503458082181
0.6156887053877643
0.8185802974001029
0.49381462845268287
0.8352366196795912
0.8219968746504974
0.6160943828291563
0.8777955546324413
0.8876804834071734
0.8589233923830716
0.8289943333415518
0.658462872862428
0.7158868959605876
0.8973966984592313
0.7976592166735916
0.41877260885938844
0.8172493361818657
0.8490952738095275
0.782912673579774
0.7543472330121218
0.8374528783714855
0.4413325328271396
0.5302606790494966
0.9318779636498389
0.8832414906596594
0.4088692118154497
0.6140104553167997
0.6079645805502718
0.2626157993515983
0.8464029237771048
0.8369978420836571
0.7511239143054543
0.8493296493605227
0.879568038254851
0.18735877773496157
0.5101606243019423
0.8513211344586908
0.42330279979853025
0.3242849381545149
0.21757168067957358
0.38667276121936084
0.8883810221079057
0.6476183105712684
0.7754377900067684
0.5862540421124134
0.75464703601637
0.5531187873323887
0.1734207611748847
0.31917718700587355
0.21918556823826327
0.47426686835546106
0.1936272059034577
0.4611370600878851
0.29024931285676964
0.7101084266896893
0.3899550171337237
0.3368251584375423
0.3955061704342156
0.4771536727526793
0.24483093658647345
0.47627604815944397
0.7772583364758274
0.8513088223897042
0.47831189581895317
0.8527019311445327
0.8275784549776871
0.39997326270022643
0.8795132445421068
0.8455391801431855
0.5017073318693153
0.509435166164303
0.6325504318599716
0.60740521497815
0.7590384427431223
0.8756522723959091
0.591843529257011
0.6023482829776655
0.6556312872276902
0.8563827224249309
0.46443732438867086
0.4288819278751615
0.5979319779655718
0.8485559444062858
0.585993686847136
0.5391561710690904
0.7687919263741724
0.3001049806965703
0.3972967015441236
0.3861289535232596
0.35671618394773646
0.40739171094435433
0.49160079801932544
0.12154901936273298
0.2656147538621997
0.5532065669046938
0.42047684085710896
0.2913387515966261
0.5766705461571193
0.49763787638190843
0.09685389958653978
0.09484929318102374
0.41305645369845706
0.2207157365102494
0.40371251626392035
0.46840161359280424
0.44089954614879356
0.5061009555648616
0.4620055105054737
0.8803068404369541
0.8430385229066012
0.8850007946237677
0.8387509507886798
0.8756008471961021
0.8493224061927432
0.8268901485180004
0.8795075055238939
0.8738081784078244
0.8794277785085343
0.8621784129381704
0.7373050452421397
0.6116332399194484
0.8744543549059011
0.8391261287425303
0.7069732127189238
0.8109451962757671
0.8216698372054808
0.9251481186937867
0.7996355581257122
0.8600077001201824
0.8374645992307003
0.8647921766110478
0.8671784791137529
0.9233122882725527
0.787862868436195
0.5437242608778559
0.8284987903083029
0.8665433175452384
0.8963379960062718
0.790162104430016
0.8337683323768907
0.7919251999919951
0.8305960374791329
0.7752471180395955
0.8580313447510277
0.5946827972609131
0.8391561983990186
0.8198314432043912
0.8243251283869879
0.7362427463517648
0.7044669226593164
0.8645583706522835
0.5247060733319052
0.6364302295393027
0.8574508358467023
0.89320297200379
0.8805264674698726
0.37988760680203176
0.8393574057732579
0.8689032911872149
0.6734811944441064
0.4321101274625218
0.9000135079946983
0.7566561595014436
0.3469117557049574
0.5644918301339208
0.837224990097746
0.8116096178289601
0.8625293194960717
0.7076153878750673
0.8961766152603012
0.755699235140001
0.8480512504239012
0.8631147445831358
0.4582464367406861
0.7750406465122115
0.9002863030198606
0.8702572216723452
0.7828097051975033
0.8849245429654777
0.8493961920941709
0.7557160673813759
0.6494361224809969
0.8629578209732024
0.8093938714578053
0.778471897449022
0.27653560090312407
0.6631720257883577
0.8667138868135055
0.7937560367998325
0.9422989718698684
0.7757231487365337
0.7951072375960854
0.8248480213658975
0.814519838665562
0.8465501810328577
0.921195701753494
0.7810123476957403
0.8047694479142669
0.5364642579377099
0.7912675142066954
0.7209297861686824
0.5524712500491387
0.7886390086103422
0.44831526223289964
0.5354628126192361
0.669380651200852
0.8302840039610819
0.7586374557887233
0.8174054961073047
0.8151826730089216
0.6408833483581161
0.8105183713571065
0.6893115712912518
0.8325505117623276
0.7984777650179864
0.7498392380360341
0.7550282976415682
0.6584252620299965
0.6975184279489974
0.6953333382779889
0.740130181619506
0.7790869860678655
0.7474409392520768
0.6730628709264804
0.5756430518725341
0.793403585819492
0.7485695067351872
0.785640154496163
0.7783256853174068
0.6427209910218644
0.6832233911911956
0.663619157905328
0.7727427053198451
0.6614154026974356
0.7000325064767506
0.505842268271615
0.5043971232775738
0.552224584109692
0.7244153353270961
0.7656821678413986
0.7452434251122865
0.7705081344521412
0.8438453654247224
0.8017788140475129
0.8804910215623764
0.7418790434125231
0.5790872320623113
0.7717048700227488
0.8441705652935552
0.725556350842105
0.43414557193467196
0.6113135202615313
0.5668556853914352
0.6772082006408322
0.23950690639311742
0.5511767657982708
0.1851765554539528
0.5882391979658748
0.41687703311375646
0.41707601907442454
0.47082166610938747
0.09974018160080937
0.3116471024860519
0.6476613624523536
0.4239649855114107
0.21436707824459564
0.7152640356463466
0.2921992350941735
0.1369973256181777
0.10925980747565762
0.507544655910621
0.323727910629445
0.28487863493178417
0.5406114991155027
0.04312578862231757
0.18213539142249935
0.3001298964268123
0.1726778561504076
0.4333867503932503
0.02938438033008322
0.47404813409900776
0.23495501354589077
0.6246054677501846
0.573836521143163
0.391534084379465
0.19266066793191158
0.4445599993081597
0.6143516412283999
0.33509123562880505
0.38985236467263884
0.40116340836585634
0.5956566423699199
0.3502440535279266
0.704041425151092
0.683750043004341
0.40558135042808
0.5918817081087916
0.3007753414140829
0.2589723793384582
0.4507118143351512
0.36128220321024007
0.08735695863125384
0.4169651055375277
0.5872448736696557
0.3373777470973694
0.26594249192207287
0.2549187661974608
0.3940998997279226
0.4934016665970899
0.3716299618773877
0.3211548059641296
0.6701117201704048
0.3457844503185316
0.05961142814125746
0.14952301768057996
0.43092107296832005
0.13277017104170893
0.2675673082036059
0.30306223598901477
0.40557707606348314
0.5963414331731869
0.14317827079330595
0.3997631044080321
0.29104729327229173
0.10917864254204832
0.277927904566504
0.15854690381024117
0.31641920902181836
0.1482244170798054
0.08966736011590785
0.30193492510033426
0.12044324020804702
0.5242363710696198
0.576335867231629
0.03633885232963966
0.33460178428494936
0.5001659976815297
0.6345671869439482
0.6098298238351361
0.4458724215630121
0.6043348466132387
0.3579219510015994
0.4522104096593291
0.5071388766739574
0.47379824655388336
0.3566803943420942
0.31392509744011904
0.4047420898096332
0.31361066244766667
0.5897684312206422
0.44705206649435764
0.6602319452153955
0.6593216492077405
0.38896175553824436
0.04309884944227851
0.6100332722151942
0.311028714059929
0.22360809278073587
0.3525048674594305
0.4165831799064862
0.39426120709891904
0.5796692783059116
0.5760153545192154
0.34683135657016745
0.7429359685331522
0.6016009372681583
0.6912763304306292
0.5557980152694763
0.20632078717806718
0.3255579777069578
0.29561341648808853
0.5967459166052594
0.845906879380172
0.48630392991146476
0.7844392487446554
0.5896369898999477
0.7695056857664185
0.7618769569946461
0.8114108034089044
0.8566195339491183
0.9357280594091587
0.8858731887395548
0.8514582702004426
0.8535527644174371
0.5772281072670621
0.587925381097467
0.633714559440112
0.8331245361556947
0.4272978382479056
0.4838269417460099
0.4292110801566309
0.4515673396280878
0.3677782649266628
0.42019642879646907
0.16452163773829886
0.1688680343490828
0.5580007289809343
0.8309314254359873
0.5487271460963514
0.22690888827214192
0.4685767342893916
0.6298547918015623
0.21817752675798222
0.2976138375814424
0.4276246453132374
0.2027680059128094
0.33773553850181587
0.12616830855082078
0.8674120407354472
0.8239601119532466
0.7761612795943739
0.36549404284545584
0.49560554922396804
0.10993885623364344
0.44963777492972906
0.5602260573639751
0.2606165883351839
0.1792416743620618
0.32465819556146547
0.4427286086501394
0.8536447874813057
0.8529434510394079
0.893622202982931
0.6529022211328852
0.5322860665005797
0.36375888020293184
0.24042960060235283
0.2894669871221868
0.7014586955746775
0.8613483977928813
0.7242849965917819
0.5849196368418891
0.38904429585835765
0.8758712538342821
0.2963048691986606
0.1380559725600339
0.2578438515653418
0.45120164382519923
0.8577232841790234
0.24516650195710554
0.2873514279775658
0.2768621645019437
0.6664446379531246
0.8494355381198299
0.8546356126481783
0.8395756926583259
0.8499358160130982
0.6910476491856362
0.7761465845788091
0.6323631877544915
0.6986503895891548
0.4441302160089406
0.7040464425924491
0.8736543882081209
0.8525670265115006
0.8531494698385834
0.7416692790165105
0.6932194984007992
0.6070709056398395
0.34492695072221535
0.6550481304913923
0.5054522778578021
0.657458671065891
0.7937393128372509
0.8054797750478625
0.4640107246911585
0.702978319484267
0.5878343755619548
0.6245811219294641
0.5968834040409184
0.6916510507392328
0.42276429955654393
0.3424119736611077
0.3834127237091558
0.14921244048512766
0.37316379568359814
0.3679393555991577
0.613965774955667
0.2218733224495411
0.4599790076920754
0.21754343534683357
0.2492288465196192
0.4098549501529196
0.5501257795779333
0.36196303149426867
0.44450291305209216
0.4079122366310905
0.6151828284117347
0.5530576484624078
0.3289227472673626
0.25778622554709524
0.2460079515860523
0.5816873421979968
0.3947037700479267
0.42762564284266724
0.4327127271476164
0.5836984484367843
0.6210432715321578
0.3511002275075823
0.5428376216185289
0.39572323528636155
0.3250476850612919
0.39686288336306974
0.4520522245059966
0.12074957354442488
0.4061324688738551
0.24485079243344737
0.2791747483918564
0.5603573157246569
0.25292097595860835
0.6292338478509127
0.80277240016267
0.7767935603308138
0.881126797108704
0.5544556171828583
0.8522679923744981
0.8757068350683239
0.9110048962962805
0.9395605493750612
0.9241873500409052
0.8604018692840038
0.8816398214364154
0.8250646178086688
0.7715338949169479
0.8472164402288342
0.8827217872312766
0.5073885400600096
0.6701940976044342
0.8773869131143069
0.9267134022536551
0.927999928567762
0.9132182880657501
0.9210960446646055
0.8483989870229462
0.6930230540890994
0.923205435109229
0.7164569474516997
0.7638026926436438
0.8954100240511488
0.7908707975275718
0.7679269465305103
0.8364015626402405
0.8697431756067163
0.9000056724612927
0.871526758702451
0.8800082844400154
0.8201597750469647
0.8356789777679176
0.8996779174279306
0.696964642239413
0.9168174765766536
0.4652174235810596
0.9093846418354431
0.846059058639919
0.8244512032123389
0.8963964108946114
0.8574959752462807
0.792364874792031
0.8825947539927175
0.587626154030633
0.9220675609134148
0.8886252939604454
0.8962710233714466
0.898891006062964
0.8637877752793118
0.4775118202124554
0.893272495194662
0.9022163159409118
0.8634602987380201
0.5394677851708148
0.7791514697939891
0.8058263812742381
0.7342552190189007
0.6822063754904459
0.5608015519597331
0.6282360286498044
0.8198740160282885
0.3215246868379843
0.4682727756265405
0.8516526565129034
0.816454536885168
0.7341084989576727
0.8608365715652999
0.8217057952484605
0.7516513904399372
0.6623873268604318
0.790093273254249
0.5971711245544695
0.7277491415582116
0.6085632402859412
0.7431778590333958
0.7539503098993137
0.7415979771268864
0.8225345227637694
0.7979214703412821
0.6428527077765136
0.626099944343262
0.6348738369194196
0.37793578539323536
0.09962880946804493
0.40160356618875265
0.3104628399315321
0.6478568294234417
0.1466998937417385
0.36359834754557646
0.6042583712333693
0.3175639933629274
0.4451609899674048
0.43635406371080526
0.35990822828969343
0.6259674835032544
0.09858904142120173
0.644405890258384
0.1064884489323309
0.358395049130273
0.5698579201001335
0.6102281514921022
0.5507030234244785
0.3478758427621751
0.3336833186364307
0.17296566674562772
0.3044575286486739
0.6458200119764624
0.15649805783427453
0.2747289698415005
0.15519833642970465
0.25051992427212916
0.46908349179862796
0.6918038272794985
0.6785225452432755
0.3766059136298256
0.5992853211359978
0.4495149240593447
0.2556277363272306
0.6104631017275283
0.6842735438523242
0.3139965658648656
0.11982241446625332
0.5099265241713075
0.5765209413711793
0.4493326981248889
0.6654440600104711
0.6271307283881158
0.36855157025429147
0.4351926091410119
0.11098594806257685
0.24619515200924327
0.07971172334657246
0.3599632309109238
0.5484398172570493
0.23107371648256822
0.567460562116848
0.6307731828402279
0.1778618228605658
0.6295788250193289
0.6575449484997534
0.41535321992561275
0.44600079401003273
0.3846692846446165
0.664984035954702
0.5076744520220096
0.3292742138435095
0.13497665489352884
0.3120779414673776
0.7302437879439707
0.7246697076685158
0.22658627747849247
0.36275069578660485
0.589139381706438
0.20209131870614633
0.6399369521872137
0.6777799799507752
0.27582687506582015
0.36125902474755844
0.3943470840243185
0.4693188780927977
0.3131796800666925
0.6304638159365161
0.484206042495228
0.11329280084472716
0.10701595201599527
0.15768388673444209
0.5207338544070235
0.2204218176092663
0.38431764754606407
0.6858491869175581
0.26956112018210315
0.07734477348887961
0.402806048510637
0.6504979548578399
0.677022774393521
0.17494109615774345
0.3018291342709177
0.23054463535967012
0.41012863418522305
0.5988730557520735
0.45731751002678755
0.3890400825011883
0.06219626784723624
0.40284491551194906
0.615024966679994
0.10019808952452157
0.6718511368649827
0.25496552072929707
0.6774291951557958
0.27205847345241174
0.3687850304278007
0.30296023317551785
0.43454988428316677
0.10917714054718923
0.13957870788783866
0.6386114646651139
0.6261123215071093
0.30210715565150015
0.34906524919739057
0.591161724281569
0.18167493073298954
0.3910114371829841
0.3253112897991688
0.3754818022402929
0.19928041116640854
0.13370822324257284
0.40192234215053096
0.24194708557399747
0.3682609777440116
0.4227234946847796
0.3857877693557791
0.27841324947122187
0.8265571515453342
0.28659632334823515
0.5706547155673314
0.26768700953544267
0.8395283331109706
0.8921434369685314
0.7466038463922521
0.6661175488014923
0.5437893882299346
0.6927189612917173
0.2699839149671868
0.27895849575865617
0.2589832161290417
0.8694173323247867
0.8044805180162821
0.5755533211755058
0.6708556101149119
0.19134242315374053
0.4677018913741221
0.32103785343740454
0.3552432424301677
0.5591032927299516
0.9070068304487645
0.7934225393329774
0.8842343774455752
0.5695121062598069
0.8865648118836749
0.8628755619419717
0.5190967833482871
0.877898949132482
0.8979142335799147
0.6730988626768608
0.49545912759076566
0.6701726145718999
0.5261521036430462
0.6018918615817546
0.5327153482326179
0.6568341427948868
0.22701766761597553
0.4106240331591959
0.6207796047330848
0.714820956263776
0.5043336525948047
0.6967090755092494
0.26393810019811736
0.17553303599818892
0.593179166698459
0.4469472845174806
0.2260737284813671
0.626557955358479
0.41829111586406764
0.37835808504225443
0.44775842849602043
0.39675653212942186
0.4449488080844267
0.14396948000575277
0.23423802465659252
0.864435161433596
0.8896027657957873
0.7277550600872508
0.5381287508461764
0.3942966668283837
0.4722144179967587
0.6977321903584682
0.673464919920841
0.4387044321770235
0.6137224699155696
0.4834749013266837
0.6266805168130247
0.45456273622375276
0.4393336425424406
0.9176983212499306
0.4899016040478494
0.8278755813084051
0.7799883802546063
0.8383539343018837
0.6268868497287512
0.16892454606429574
0.18948556261990754
0.41724134079192515
0.4701187578076653
0.27119425956939275
0.6615598014154707
0.6008289481575477
0.7002650473634587
0.8345072948958565
0.8827647011851062
0.4611246197027798
0.9321361150818208
0.8264175862701945
0.8327840102078771
0.7017979699481273
0.8809521663479709
0.2215080734782877
0.7652918364253509
0.897133783988323
0.8542059221485548
0.8113781774331562
0.9099550229531448
0.8445179426102523
0.875649514183296
0.8014380906856036
0.8092351521311204
0.8517044368141546
0.720336937627687
0.6923269268518127
0.1419848813233263
0.4488277117464226
0.6183160014672141
0.5609136244358447
0.5271443013367221
0.45599648808291915
0.47191208810930435
0.35835867085060225
0.6515612731447383
0.5303466162072128
0.3343011517480951
0.44850122112981305
0.43380320347747037
0.5068272423077465
0.6856008684492405
0.6148823841992819
0.4362203242408861
0.5344845221432145
0.3572491558438086
0.6561103431008591
0.6310086587297776
0.42406189119455023
0.6897962502300965
0.2885214725535985
0.268675085598296
0.4067403543163508
0.4949159551829131
0.6527093204181755
0.6361508557701856
0.6883473453276665
0.606162625922155
0.5383172888842975
0.7897403481377521
0.764184085129968
0.6390973545427316
0.4532729848707927
0.2524388788404465
0.47341358717613785
0.40101385834141323
0.6995747302788812
0.6151134913405638
0.8427717190936106
0.9448498683792251
0.7703847029415529
0.6478957242735074
0.8146673364338622
0.8378127947474031
0.17896677689080795
0.4073784401896998
0.45082343017167237
0.4516749330358719
0.6619782214398557
0.4710621913870772
0.46212709043291383
0.08281681780294203
0.6475024298615017
0.2633211044712017
0.35963648112124136
0.3147463308560059
0.3563534899819008
0.45420620762283065
0.7165228279914574
0.4106642020094209
0.6337069003089156
0.5585366128787199
0.4794776943441003
0.4769834767803511
0.32291864440847373
0.4236209409957872
0.45558175997266004
0.8702377351869643
0.8581592497606467
0.598278938287433
0.28454596826395817
0.5784018002004319
0.3950483707044039
0.6305496985124472
0.6853936941906718
0.3325247861067099
0.39087310105879564
0.5587571460574017
0.5800917804122456
0.29995299441051787
0.7264442857301971
0.845501990317132
0.8636589110637898
0.8721317368535091
0.7818271943581002
0.8557187301267314
0.30727896183990117
0.8668660172907923
0.8657036387367554
0.8800219578692527
0.25024676893645015
0.6560369952490692
0.5849370130839837
0.5701629604319457
0.6556196219763324
0.40311549156484255
0.18334040537440363
0.40313815544897014
0.453919920924714
0.33399889418424406
0.7156446233290845
0.21944211082148593
0.4332284081502544
0.6497424454500053
0.3182501008976164
0.3262274838979483
0.3900318582625405
0.44256852687819365
0.2598139359316152
0.22840053756650558
0.24414643986689968
0.3739525050129303
0.4937222008555334
0.5595942905528347
0.5532591308160901
0.8781824005975861
0.8848826420501219
0.8048357608415053
0.8659759639748054
0.8845554564347369
0.9069056003644531
0.7960451813000597
0.8741284229945552
0.7423803485874955
0.8750308042594969
0.9166578104362957
0.9160115072277288
0.7901471707014028
0.7907935662618305
0.8431475657620535
0.7031607590036295
0.876327050203944
0.8666808876604788
0.8207794737994069
0.8580972733067995
0.8815588855573929
0.8514216416430441
0.7677989285285259
0.6687534964893982
0.600380103319152
0.9039309496724812
0.8056488658762769
0.7159560257073185
0.6002483362583856
0.5640363660235411
0.7227291032490051
0.6869039985748999
0.6586669970013825
0.8739089938103425
0.6659402637422552
0.3198267643328788
0.5652925859024244
0.4687939190514663
0.6097572955644935
0.6814979226667894
0.830591139271526
0.8340684455042775
0.7615456137363913
0.2864009006311905
0.3814130392047131
0.5233256080042932
0.37894355205051555
0.436863710074092
0.5077265742958739
0.618618568774532
0.37691660279010575
0.25979248712521424
0.22752357910462284
0.44975497243592205
0.3632670931450953
0.5966952916487468
0.296069006407162
0.08286100961836576
0.6438279793430899
0.33460959430478904
0.34971212952780106
0.1584459953399778
0.6685292099642564
0.31161784632760936
0.5613366334683755
0.2924530714105303
0.7045693138661867
0.29807707714085546
0.44559641045176124
0.6828199048877956
0.18453079983263382
0.4019582034074481
0.30792951765332155
0.5691420151130526
0.19001913700728124
0.5113951347228843
0.16872089457857456
0.6675814391733843
0.2721473883854468
0.5091999769721453
0.6242324701070986
0.44329668808198786
0.3703064971317471
0.6489320825407364
0.14572182361231256
0.09973581285635062
0.39194702608697174
0.4760499954176726
0.47665004600271643
0.5416535665938083
0.21547925748952731
0.21062486035339445
0.3642033695599404
0.27498103127565454
0.1340081093102176
0.4872568718509542
0.23390662645997562
0.3934435674687502
0.36424758449408684
0.1623831704652386
0.19908129813342273
0.1810100540605946
0.4258768677252375
0.6492171106257206
0.5102393878831724
0.4757793886599623
0.6134348973091511
0.5708584721412234
0.3646424389318194
0.41345987400986595
0.6075051990064578
0.5118422775738761
0.4727469306262579
0.5506310659374607
0.6375544951987077
0.19430840900571106
0.5799414033591641
0.3273237002971429
0.16592378964216709
0.6908535715289856
0.8698891923594012
0.5187135876303653
0.7183174666416229
0.36822573827555855
0.6604648439389202
0.20267830605804538
0.3165025698236938
0.48080187248291767
0.272754946196683
0.4171066027373233
0.9325904205249078
0.9268938718755314
0.7997792279337113
0.7042912044759315
0.895631689351491
0.8760638481829514
0.7795972741938478
0.7760279678353188
0.8176126829186595
0.717781502628822
0.39054801413811985
0.7006004194412024
0.5173871051409352
0.18846331566224175
0.2954930767653877
0.4544291988215844
0.33205889524988896
0.30524677040512743
0.5919008230882086
0.41685245325840786
0.6275049943172969
0.7025914032560518
0.5071814477357788
0.4357650316490138
0.418347081303061
0.4683261778227381
0.23547653424325138
0.6271135442860672
0.35795177497750447
0.5152128465248886
0.317070681980568
0.3980762443011797
0.359555410521203
0.4811961545825244
0.6036212111277142
0.7698996989189912
0.8074962995886197
0.6964037390960869
0.4774903751469594
0.2932324794584451
0.27828593863186873
0.6223696549797936
0.817989746152802
0.5142855667717053
0.4614390124500682
0.3569124873679149
0.4727896533250709
0.10554940774127232
0.11632741612875551
0.36164982372845983
0.21776497451284546
0.13002816605056802
0.8415605834204295
0.8178262334272554
0.7080982724365404
0.37149809738131995
0.5993296515576381
0.1434566107181577
0.15471104037295733
0.6736551433445894
0.8933456870349579
0.9032382696753288
0.26267613951095165
0.7807447811478678
0.4401570988188851
0.8522562163615762
0.6865386279730371
0.7814049013713235
0.32370165351770264
0.7043131717239636
0.8409834625705712
0.2010392030558867
0.5767436085885983
0.699374299534911
0.6796423752328817
0.2636215982181327
0.30435141883497
0.3557834026643149
0.37159217952215773
0.6751910845988659
0.42756346822832236
0.3354915756885632
0.6316214663567625
0.5911115503179272
0.1695539383465033
0.3765028321509483
0.40086446978396517
0.27456367689005606
0.18450311404965627
0.520675925319884
0.2358501788565249
0.6691842340363217
0.5227283316271377
0.3641520571669811
0.14587872707600247
0.24887048894084912
0.15873762385992202
0.4635637911787425
0.2846445141785765
0.3191303083901418
0.6433577990047714
0.17854175230946986
0.6671926498645477
0.2897033024824449
0.7970098950181428
0.8194558695376927
0.5525424921374995
0.880768015862479
0.6639548052806375
0.11516173565551532
0.2854313687830497
0.3735315600206822
0.2493996583206143
0.30153164692317724
0.4028235243792092
0.3055737735157281
0.13248760686255423
0.37000113146315744
0.3773461392411415
0.8069805348822942
0.8559462541330148
0.36162034819729116
0.8726527351233407
0.8782264108445328
0.7384483994309735
0.87875225520782
0.8183869189177346
0.8644827480742046
0.5938581588853609
0.6238264211978992
0.7832933499427992
0.7965520034517438
0.7440492454453481
0.8506054063637544
0.7518219762526062
0.5095832829875477
0.5115129403105467
0.2025457470220245
0.6434738818144482
0.8057787169193175
0.7553845449660131
0.37528793576635144
0.6754825041987979
0.6182026223563148
0.8430446720293705
0.7098128335712062
0.6602776332646184
0.5493147452561152
0.4940864160701593
0.06766550091394088
0.3124521911199088
0.6631486224390513
0.4542499824921835
0.2880063969921592
0.22390700911930075
0.42745812988898757
0.5444783661930416
0.49216774701146604
0.6610844916243519
0.11442296994028055
0.5118863466262213
0.5279729588762058
0.2273069078098252
0.48163040676807145
0.3264073159402007
0.47390559238021807
0.6678783915434884
0.7182429645649545
0.2847098746154914
0.26840762735752566
0.3686090639120939
0.6359509094108696
0.4342416958658971
0.6594212860283665
0.4786642458674999
0.8048122350702608
0.6514841981525367
0.6593442800239722
0.3858147822224911
0.5159315435276857
0.5864128000659201
0.6022434018992607
0.5015044475029181
0.283300646740548
0.2026392933973965
0.46069865221136375
0.6599746298986061
0.3207705435836575
0.17666329850380083
0.41415174867282234
0.24386346373611578
0.48976143883864187
0.49794931998872427
0.29692144615295046
0.6732763212609948
0.3916389168369878
0.6383069243063628
0.30910061349119483
0.29155538105712875
0.3358751389773788
0.5718486022211974
0.5317668064745434
0.25741471119256254
0.44420708828486855
0.31054050705910347
0.5291087158127346
0.6890504077232174
0.6287952809777255
0.5142645019072011
0.7052370261009218
0.5904534360087005
0.5126677294962669
0.615733073410248
0.605577148596485
0.5241812297840811
0.7033104841426288
0.4778877846055687
0.5165971433388881
0.5852265164112103
0.31516259573235866
0.4684939145092722
0.4966317306142632
0.464405775459002
0.7804737132605472
0.7849319323127762
0.865485505813928
0.820689391408597
0.8416555069974552
0.7118889404062847
0.6289398620081957
0.5691924828502546
0.5163675378635622
0.564862778443531
0.6458180277202545
0.5554889012930502
0.2632088307589992
0.5572880910452233
0.6852883308662032
0.38122427821067734
0.3613645329212618
0.4028206056351404
0.261996754073769
0.3856760391009457
0.34715634743845686
0.2878268263479257
0.448945538278941
0.798776718733172
0.4929087569879076
0.5739814092836116
0.2536881157120606
0.6859922839467398
0.602132096454849
0.42721255715841083
0.7319675694025294
0.4690704329196867
0.6690254221899621
0.38011216474341636
0.48317244293179223
0.3544357983841294
0.8370590863038616
0.6435003003732283
0.863933075190746
0.8540809632781642
0.759574510567071
0.7693728007003652
0.6601096254841379
0.7392793087079741
0.5229112291713061
0.6759618225216739
0.6811891108212178
0.6603448185926153
0.6238594293101435
0.5685033508964945
0.4329936312235982
0.254361758235168
0.3035799123389635
0.3370526898490337
0.45982322718301666
0.47174689201337894
0.4947558935169803
0.13903835933425618
0.6507653601046155
0.7343925998090889
0.6145675481334043
0.5199310195348339
0.3091604041681526
0.5195905160033057
0.39113056930502615
0.4611866969939943
0.49742324470214805
0.3004892246005049
0.31142758726963266
0.28222260347043543
0.22134097719851475
0.2829803601868821
0.38449079550891485
0.1667535108441847
0.15656256008834832
0.2516109835552525
0.13458271836241742
0.49104944119655264
0.47769098112563824
0.3414573230068705
0.8218898875645203
0.3197046770930334
0.12026944315073668
0.8257908137687784
0.5266392106107384
0.8469388686809034
0.7424593285716752
0.4387228875821966
0.5159191604817759
0.7466927596945746
0.5920400976157751
0.6909998658330377
0.6436964658078315
0.6144285465033237
0.7240222708656265
0.5758746038727629
0.6387131797195701
0.44211736463346446
0.6367882163053814
0.4519206392351417
0.5044891385455186
0.6064047978390222
0.37646906930573293
0.3322564269943756
0.3239440497699898
0.5434120009947704
0.4601654269030384
0.5720960914882472
0.5670843412366536
0.4724757716852565
0.449003461578579
0.6665149422492678
0.22999837781182053
0.09942472598919641
0.4352412346371511
0.39882318545423856
0.23220896790633144
0.21939105358512592
0.12832363637269603
0.46146005127775486
0.42371694795959486
0.30524247491533735
0.42036495158240317
0.17373038424854328
0.27572672707846096
0.46195755916686426
0.24704716960178255
0.14498938698119482
0.10683862802404864
0.30734288008891114
0.06695855977997339
0.5821790107981671
0.3681813767576323
0.5495096444652221
0.26707508983063977
0.29648005832591834
0.08782137966041766
0.37318713524944147
0.41563060849581207
0.14118382630626353
0.19534584567527266
0.2353266601845956
0.28666769069750464
0.07352533279421704
0.10217718206160506
0.43940806677196126
0.4919702769287682
0.4081527322236027
0.08930011546548396
0.3164396161702838
0.10341988112685868
0.28108776698007104
0.4061624546032906
0.45401988642633456
0.36553576388122494
0.10507647887656889
0.09962920482341953
0.5583059845789653
0.3543689552443971
0.23714934568216978
0.1695907480027966
0.08051950472422871
0.20164116946353888
0.38538613256869186
0.2644850153877059
0.37411663561948666
0.39028524772300927
0.29761098973003125
0.1621538455540793
0.43465015859287504
0.4193183075945054
0.0743181977234199
0.3267902616072755
0.07601593454391209
0.3747594504713696
0.18167261932570591
0.18475994244467508
0.38281632480256694
0.21600664373660863
0.42416362216372944
0.05435652046556685
0.23493496677210282
0.21884265082962942
0.5937157449252777
0.7927862907068245
0.5692871254693157
0.8698116859448565
0.8218298495710187
0.641555755769723
0.6737461278633885
0.8408568310973529
0.5119149122272992
0.8125236228073397
0.8091504371592314
0.6640082567272719
0.7575901672522874
0.39057897262103997
0.3326077357126896
0.8316650583022677
0.8648034619686813
0.902878692461542
0.6339111908119567
0.627794414668552
0.546802346598242
0.6045766838660505
0.19643916721456306
0.5855700571138801
0.7218815965889352
0.5422508603264239
0.5582649074392907
0.6564119092384384
0.6209220096711048
0.6781227516596502
0.6580774311931114
0.728383643876515
0.330998176969277
0.5384438904284965
0.6228095426314144
0.536287958684817
0.5973854547750312
0.748694232701644
0.4220659025387115
0.5183078696041197
0.5475383907260838
0.8209924791538227
0.6013426393830286
0.5846727853703759
0.13467183424776777
0.3669246648218195
0.4222220844248767
0.3999733063963713
0.18915243647225233
0.32168629552790606
0.30059393463876566
0.09451309774715173
0.0995290168829575
0.41817676247126667
0.1207181888660274
0.14669475649658414
0.06353241103155997
0.25429988921017116
0.6189738101623947
0.4223214052749292
0.04909613663141723
0.1373427442561434
0.22614874112486044
0.4262536582612735
0.3199052042834874
0.4062891076287589
0.10632332657327494
0.23635896278907814
0.5937862739672869
0.42547117053640643
0.4495602884852603
0.3308112321603106
0.2852034069411182
0.36366017075814805
0.3372770140584756
0.1081650827611831
0.37036073705176314
0.3974779637046131
0.09113601315586842
0.39322514075776493
0.49088274337485793
0.23660721827822678
0.2274758398833536
0.21446862305399836
0.58329284265232
0.3876848226862408
0.09172492810809488
0.0650923609978665
0.10312690064830025
0.11508207768445931
0.42645266626218875
0.1828104290557176
0.525575962722653
0.5012516768264589
0.38792419785488297
0.3890970793393454
0.415922740492158
0.30393311778863175
0.47967658949622893
0.35506121869587753
0.2233663936650571
0.4459828154158315
0.13531210831838306
0.08530696571068622
0.12128753718583951
0.5293334087451333
0.5487206598638964
0.42292148696486753
0.3968549119838926
0.39536766628219144
0.4817422927854276
0.6162523267779677
0.13093955876936467
0.12790716139887431
0.21977333376733743
0.4056165768068594
0.11487711313875569
0.4063285915778764
0.44181188925466364
0.12069333919091237
0.04730871464317426
0.20428778763732272
0.45287794560775413
0.21507435385176213
0.19051280732950848
0.5562392341552644
0.07822460832852741
0.49098352965198483
0.09829514945585985
0.12338704891967676
0.3498899427021512
0.36313859990392644
0.5030360535902572
0.4296237195626245
0.7407874536831871
0.11099753498522028
0.4891695422411285
0.17273086790297823
0.06596092961089418
0.13361217889171353
0.5160424723370093
0.08445325675770314
0.42594335734329336
0.09648173283533155
0.6828045139732982
0.3231486945791317
0.41530971874283096
0.20264782541051982
0.4288810456000101
0.25704094931170957
0.15727133213160646
0.3282750592086818
0.14920093808870724
0.261820812822385
0.3533631971290313
0.2405235228312876
0.40662766072474454
0.06285476895082996
0.4771594112595928
0.36053258264274196
0.04750051412220119
0.45448376996069795
0.28983078501932863
0.07492424669023988
0.20410018395235305
0.05326751714181531
0.5367688419165448
0.1903579403266345
0.23295798060632397
0.39958665923873493
0.2802480865189972
0.38993445717353886
0.3289819363977585
0.46811865069170455
0.1406795108757297
0.049776744715796614
0.038739751328379576
0.2629249097876965
0.3918767374740334
0.11086857457477554
0.3782372123303665
0.37632170370221074
0.42804661739051697
0.10771164613783099
0.3920465194023665
0.40490112087109525
0.4339356958168803
0.4636471543493534
0.3527583938067034
0.43722732751635646
0.08304000949245648
0.475908441499004
0.12604298048223744
0.2719979612356683
0.500560486065757
0.09442127333291427
0.2639732118950553
0.5923121794491237
0.3683510945454825
0.1545784102457643
0.32649255141312505
0.5885377101838596
0.3436592697038042
0.37826374190837997
0.35990008299120163
0.3095762241355755
0.09211780184025614
0.44131121823948066
0.04757865826218728
0.36794137468559057
0.3990635433310773
0.6023430026550076
0.08553850341078485
0.4708077259085256
0.48415936920782804
0.07065529121295365
0.7232627709227362
0.48588251671243665
0.36105312069009704
0.5267477765898698
0.14523181402468888
0.4200174516787973
0.2045362147680158
0.456841849337201
0.37935202588256156
0.16058881701023414
0.42138649235123793
0.3436029084576519
0.20320636841013748
0.3792773084226933
0.3908050205006779
0.11444704009192136
0.2840559637484477
0.4671849934810428
0.38957611840392575
0.14433411683822356
0.08061711761605664
0.27228576817479033
0.2549619773258216
0.5973241729423022
0.5863315642643968
0.15897667943613275
0.070164462550883
0.4080797414102301
0.036589149403612256
0.35198194467593263
0.37300593261328746
0.0669002047167928
0.16513473139619972
0.20529393255293718
0.41578595319436046
0.43052758875457625
0.11513497365019586
0.5374058167751512
0.44579571843230853
0.08210761271341528
0.03465955445564547
0.2164654952112101
0.47914915608316444
0.6893508141782649
0.456487639106358
0.4358779026998037
0.2947735197938212
0.20973795223938335
0.3451114253236202
0.47637122889027717
0.10693101578978693
0.3055325095217015
0.21241810619589394
0.09108227743562032
0.36584283148128927
0.43380221873572783
0.27744501322591164
0.4133181972161913
0.3747910768899757
0.6567034970788062
0.7432705661762145
0.5084584742545771
0.6972054787744262
0.8658798208511248
0.58273365748153
0.5287656690430413
0.8033773423424665
0.6585612005442365
0.5419770690630251
0.6138383680048205
0.7981926426047004
0.5541879871485631
0.48067243051664094
0.3720584514999152
0.416889319382152
0.2596553373381645
0.3746541381793903
0.316713857725322
0.24261082835217268
0.1986944473951048
0.3011153728066992
0.47305973395185175
0.3074278775711797
0.45036101420361874
0.3030767652574587
0.5221152023307887
0.5128056582844992
0.4304108872006397
0.46522201204642954
0.4396864053531851
0.16081639983874527
0.4669619511771018
0.8761434835100513
0.8917430863963207
0.8592857160552404
0.7268191540625334
0.6916005427633942
0.813605416619959
0.6392367370868197
0.7530002000675449
0.8756381989199822
0.8213559908755186
0.8927814473164808
0.6833053207109813
0.75708088923602
0.7101657905731354
0.21458835065137963
0.7155778167504218
0.6855219263921543
0.8767290701902528
0.7172148546640823
0.8705228289700854
0.8898521950447078
0.7496730824729473
0.7980410906637381
0.5364694207814612
0.42294522858345757
0.6400304016708714
0.7400101014861503
0.5322682261477909
0.7174674980403815
0.5122172641018804
0.5944951361881998
0.7174674980403815
0.7566869785606323
0.15027191893797162
0.6282559197667871
0.3896041537737204
0.8708762562911264
0.6092344229590981
0.8183379001760663
0.8687391642937576
0.6442073546619267
0.5909281393524695
0.5157548706818698
0.6391299574151054
0.632946296291663
0.6548126135011546
0.8352174982147179
0.6448850260777447
0.766319657802772
0.7555386372523385
0.7643712288050212
0.3309832653392458
0.6129498001441562
0.6471677723460841
0.7117587176357301
0.5619869167251608
0.7766534712389677
0.2553873109024933
0.48121456743814484
0.19980907133634465
0.50468695939581
0.46390374225864706
0.425281307505201
0.22425827656038758
0.6187060472741833
0.47608289814392507
0.3343126878611414
0.4945288441946552
0.32312741103638953
0.4421785785009316
0.349641466110612
0.5375118271529639
0.19578286149469235
0.3453758709369432
0.23293583720718058
0.14213403899304466
0.6778225959160806
0.3490091362777282
0.20003711292800033
0.2509689215505409
0.45425519181747825
0.46047158895894824
0.276835934314004
0.06783848972582876
0.3201649156014531
0.40982103349687354
0.3277986932718678
0.13296364084488058
0.5199871433664185
0.2681962780448598
0.5766299349644265
0.41946192937586496
0.4841616430425927
0.28165499346065853
0.47432989585261903
0.6252229405458737
0.5306739999185606
0.10930323607401733
0.4632884909209562
0.25401285285556824
0.568263390641523
0.43259348348747984
0.2480810184844712
0.22004643409753574
0.35576514427854933
0.2733099348404326
0.5350569849292912
0.22060440058505001
0.5561443700595616
0.5051155362245879
0.15725141398554943
0.20484450278867622
0.16606383298541283
0.15357015877103178
0.18861211159935995
0.40546641277724144
0.4967139429024607
0.6261734453065191
0.2280115189068664
0.14619472120721502
0.47908017729501595
0.13099998653843373
0.28176961973171333
0.2172184385943936
0.5125102340934873
0.21452289411501013
0.5737287892083632
0.1775795013663442
0.523585417848527
0.5548601806313533
0.478129847332304
0.5083285949934586
0.42763367446685097
0.4362748351453007
0.33866083800022345
0.46459491470333575
0.40286023377292574
0.440496332343296
0.3247883327572378
0.29305228930939686
0.6095298222518032
0.45584067565320324
0.5159716519059512
0.8668057677614773
0.7852742797183223
0.9314006684963515
0.5187081821617658
0.8491386161125422
0.8301268242694392
0.40808115235777853
0.6164783491987851
0.8834331170051023
0.503620891649641
0.8296857412129287
0.6194587480160436
0.5975559104318189
0.6774184285162035
0.7035532892942441
0.558449817570749
0.6787112556258552
0.32992554600761975
0.642508003772772
0.49055154858026967
0.13761252399562793
0.29568412940018207
0.3541574778114157
0.25655049215216313
0.36802428556308114
0.29806299036025036
0.8483453461324026
0.2540351398500135
0.5901114404078721
0.3057711868111776
0.45303124362688874
0.39722096310715427
0.7839234451365182
0.8930089103411342
0.5409384836272804
0.5515021537257249
0.5448985209803283
0.47866931212383806
0.6610726011337125
0.7643509666165257
0.1896813847215705
0.3816814757577676
0.1553424336457858
0.22412858961439544
0.2773788234709695
0.6572806635108343
0.6380646311602816
0.7595700322437833
0.6280207525457531
0.8072448264918113
0.47815507990113293
0.15355253974097696
0.45394850249096536
0.606214488025178
0.6372590541343712
0.6166517744459988
0.346336136898563
0.644478094587973
0.580554521318889
0.4605009348861901
0.32905297700575986
0.17153437999181337
0.48788628848525434
0.2514313176500155
0.49903709228985743
0.43848725612256123
0.36526928089175936
0.2815363637765307
0.524773623196897
0.8604241863310127
0.557429659381754
0.35257244113447184
0.4930787307096599
0.40049791171315796
0.20176611887404994
0.40007208335905464
0.2253285327994081
0.3695713150439802
0.28454732677876704
0.7633178171973507
0.7223149089912257
0.8526157612152264
0.7805263862169448
0.7958505555203065
0.7252692939739126
0.809234123993691
0.8355232261417471
0.6837766623108932
0.7197370545656935
0.5620020315542609
0.6567161586594339
0.7398387329938653
0.6572037590465258
0.8556230148841983
0.692215069578109
0.7543291951021915
0.6815621662303503
0.634577531337583
0.5281890951625521
0.6357766449314418
0.6943289068861549
0.3535816810418189
0.5476576588922081
0.6379949377046698
0.09927907001253806
0.47969133910445305
0.42567715883089263
0.6760820979304337
0.22318284960802245
0.5512485110221239
0.46990672410455286
0.4854392014973237
0.5161890089578942
0.4903859420336071
0.32284815512699877
0.42189231723635934
0.34229034063492386
0.2748578562795984
0.17750938062569094
0.5103028050701065
0.17675219043593118
0.5010889049796287
0.2098701178940142
0.2294181250476992
0.1289153348148499
0.5327745399717666
0.2605175712900154
0.5097217498947977
0.49710937270463096
0.5300051005351847
0.6733885791084971
0.37520333361484853
0.6910803001547225
0.1748168195864776
0.5329600907570596
0.62755679270963
0.6798253139861177
0.6248885602984092
0.8864105677966837
0.6228610999512953
0.363198755260205
0.5126701839387212
0.6036626450172243
0.6274649157741355
0.06194074202499452
0.615368497879872
0.40419104398325795
0.5062307130689783
0.6668660861896872
0.6632123513993153
0.8453481421207597
0.6454062932682024
0.6976038785793977
0.6915172236575533
0.6181189681962148
0.40275260236941
0.562259114337623
0.5521903169117789
0.5408919911147436
0.6644433570998934
0.63374574808136
0.693895144862485
0.7257203795512143
0.6519135883946773
0.460628595898376
0.4195089282660718
0.1830070663536256
0.4795474255280941
0.4719877608946892
0.3439665506562219
0.3953376217188025
0.41872696123486103
0.5051288509635726
0.5548582958624189
0.1420513727528199
0.32790022567076615
0.4629378009224867
0.5180668755075067
0.259589032570889
0.5093169206763261
0.3446571751117468
0.4125389805147052
0.22541558420385
0.21189602832464183
0.2776843177421684
0.5463459970710395
0.5364722045950155
0.4416038950260606
0.34654376496405237
0.30106804454222524
0.321958293280504
0.38545344621423855
0.33972130882497975
0.5136141899323186
0.2365580951472131
0.35451831120450894
0.730957421685588
0.6457021845115489
0.7209212780969078
0.5252038873997092
0.8254599714897111
0.8242709682648948
0.4924237222253842
0.5961119553721488
0.7934713703110817
0.6798123138112268
0.5888304516688369
0.38230468489054076
0.5877476824902399
0.6708028539298952
0.6252533919866521
0.4760090978146832
0.6240840873634678
0.6508843127100351
0.7102745400038118
0.6586313447001775
0.6539273240600868
0.6615016246336448
0.7642797700852808
0.720899714947783
0.826964197426332
0.7600665858532689
0.6055974347115425
0.7357120515329324
0.5692369721885577
0.35005077541123997
0.5876041112131566
0.7443799955670602
0.6145983791360301
0.41770304541020187
0.41770304541020187
0.49418264306416976
0.6173983763783936
0.2322167551771691
0.5436364994206861
0.1711449780689104
0.5309563251075118
0.31170954413249574
0.23054304184317628
0.19624901006610376
0.3874135600762614
0.42725909879077434
0.4270472606439183
0.09728066185220098
0.20450483323798144
0.4559849831951406
0.24119575287413897
0.3183544532679525
0.09839345599041774
0.30324205848600516
0.6523145138537182
0.3905729459265236
0.2772035827579236
0.5047344523738145
0.313640479728258
0.5412710957035286
0.5304161366783114
0.2730420676675923
0.31042522924313
0.18173062190212694
0.30732011259897557
0.43214905596122505
0.32894793302144315
0.4554599295935177
0.5059911138531017
0.3344228643575717
0.5638255182513332
0.3496356590822382
0.5016984557288598
0.5882812599601538
0.16655043338595332
0.674465253068701
0.30606622933018557
0.5374811731469106
0.485731073484809
0.4897066797263642
0.4767985573574832
0.4435895075456309
0.4253047369450027
0.2806938167239705
0.2634653660565415
0.25997384318834826
0.4514760687954603
0.5669221046050068
0.32329383454119404
0.34972119877668423
0.259227544246547
0.4563942628601365
0.4984539871536023
0.3205825610374956
0.3062812818074649
0.5023232961621361
0.5614473808887058
0.5074059047745022
0.37669334321124937
0.584310821415404
0.5945177068912466
0.36311234229163847
0.5797121175427352
0.6347473490536026
0.6168015024674234
0.5638223867184285
0.5996733415623826
0.48937627809128253
0.30717503499174675
0.53098856116758
0.3269123733466056
0.5892780571753884
0.23557220616589947
0.508620276493645
0.1093280437843165
0.4095325858432441
0.55756773701793
0.19189244098768984
0.5529012351907835
0.20488486899505223
0.5831200143816633
0.33131772434906054
0.16472612489529914
0.37956227271895004
0.4966359215589949
0.5123161438954987
0.21883427488399063
0.493238557208218
0.35804939818583015
0.37549503100996434
0.4493716971970323
0.42163467285205514
0.18167093408421664
0.3427669780071868
0.6447923729332072
0.4113608824942144
0.42747697565938203
0.6236585422016685
0.4749719228256701
0.5334790983006128
0.5103727415376106
0.6235384217660389
0.569932536348722
0.29926484173519047
0.26341005094629216
0.49009592363746973
0.3881679835707908
0.12411427545749097
0.30163757849757006
0.5134902984637434
0.47615820797056135
0.7348569704404815
0.5924516706293697
0.45854696704630155
0.2193926269068187
0.46721374933905063
0.44574399801525827
0.12445458792392661
0.42648085248122986
0.7842353215041727
0.38274018453777425
0.7394259841617745
0.4911371357915783
0.8241098062820612
0.5311556745077921
0.15970388391682547
0.5217866005764642
0.5275443636514702
0.2003565649333641
0.29592420325122265
0.12157398110545646
0.520594182544924
0.45896749114541135
0.23403660425167674
0.4486363783945744
0.4648967595993971
0.4938487081480172
0.43595535015511544
0.25357592053930383
0.08255556788105
0.5350560437468455
0.16145650465203235
0.3233429896257453
0.388103642296243
0.5772927258968287
0.6072204580031287
0.20991552096106825
0.2232625603966396
0.24050483358881783
0.5119919878506869
0.5100481021688148
0.19376713352152083
0.2536401785084833
0.18232119460627594
0.4993936549706135
0.27005882908930623
0.4907053138099135
0.09222043115491342
0.5208920094184106
0.10731235656815975
0.37868106020675874
0.2092407059073609
0.1381336899763755
0.23358107638949266
0.5010863727005854
0.17360951626736978
0.6455149925042667
0.31446708854025246
0.2349389137715028
0.4671738331313378
0.1645345829074609
0.28883106840076067
0.2477133771582823
0.24472244080691466
0.5058671997690936
0.5292355815007981
0.4499000377033909
0.5298236561505
0.5478791130441003
0.43559545422644447
0.4358984720050237
0.4957390642327161
0.31332640877649043
0.6013786263507065
0.3674315295629503
0.10852528773775622
0.21633239929752537
0.28328183466837276
0.2599796214848704
0.23627175896237274
0.304313153660371
0.5310251804567755
0.4692180336058609
0.5581250687203101
0.516092553042604
0.49713652577320433
0.5607889424352002
0.5538729579870753
0.634727038032165
0.22486697828026697
0.6594885744853473
0.519682536616991
0.26559610219741464
0.4793352621787511
0.5125316473122807
0.6162289695042339
0.7581881263773376
0.4997813258783415
0.4853874264612938
0.556829881886192
0.5004841025129716
0.2628564079059083
0.47500323414313045
0.1371460077416253
0.29887616208916407
0.11627507676024915
0.36699641915146825
0.3659639123613623
0.41859699765229724
0.3807639537181023
0.46393587977254225
0.6014103371709378
0.3221165208517307
0.4294158273067006
0.5660227799569101
0.527995865844034
0.13604250595504147
0.5610400168100365
0.5547962837707138
0.4160004741698206
0.46238691777728425
0.27575804687964867
0.425025731231668
0.12994122894650587
0.43261989065796563
0.5381362375882341
0.16390675458091175
0.41489033939574466
0.4019144966505975
0.1015740238127334
0.5134372119448393
0.42938001265908704
0.18113257416579218
0.7176702315475745
0.6978172425097254
0.6263836697121601
0.7213115879928343
0.533071822361335
0.513521535785813
0.5731052730514631
0.5970513431022815
0.19128926471827254
0.3490617062902508
0.35355349540587716
0.4495475358071454
0.5520514008187963
0.49438247689460724
0.5775459793395968
0.22494942582231747
0.42798250866804854
0.1720756361733461
0.4320252802698122
0.5747062559361953
0.2720843226707708
0.6689495008803797
0.2892359249195334
0.2828652879202442
0.4439441215030517
0.5752050922031361
0.1801159148828158
0.11582274979694832
0.2437666232065489
0.5613437584378101
0.29062682710669685
0.4616196859010823
0.36216839651474647
0.5321799661211056
0.3819665825744054
0.49923676425520974
0.4546011613466872
0.45907408219521073
0.21026354967768418
0.16020824162626257
0.3278192343477661
0.5343744830411827
0.45511083040778944
0.40811515247992275
0.7642695920330999
0.3848573206382673
0.6239086014739467
0.2882658209940236
0.3378461629218635
0.5941556850036068
0.7221339029922689
0.37888124701637993
0.7741685660773461
0.35054318309342347
0.3902958747394383
0.40253396188125695
0.47480084906260217
0.4037568063611702
0.7850345449143541
0.7247630276982912
0.30352660146191174
0.5144364872552434
0.5004122954861658
0.4870535849088948
0.33332176958232085
0.3633667032876957
0.35114470615094356
0.49706279246035195
0.44110715742043466
0.6011416272110933
0.4776347281442042
0.5693468863495049
0.46305621085727783
0.3544949083026939
0.4885781653844986
0.49722268979277234
0.4472160711836186
0.3126664506912233
0.4226992681711466
0.3783707042743999
0.400845500533054
0.41425749887966173
0.559576509086459
0.513878115520796
0.1402924990555641
0.10768434941652191
0.4734442426233794
0.3947946079113402
0.23276976346493045
0.1771040571155694
0.2915335211391466
0.2361634036589875
0.1155938205704231
0.7178706106890346
0.08817191169242458
0.4564380102105412
0.18298744934914996
0.2697259598489699
0.224053293773981
0.19015384332424784
0.09634831677751492
0.2907485482293765
0.07747700258455228
0.10800555824839785
0.2757257143307918
0.29729747305952864
0.48418703640183225
0.15126119800938187
0.11278778488741971
0.19453100604543974
0.447273046906751
0.15737495724334824
0.41028343845056225
0.38854379703142156
0.2039896491614095
0.2452544359398703
0.19072413378110573
0.14291507845017076
0.3294657185069271
0.5566609872358238
0.31728661903751365
0.4321319064828559
0.32271459333255303
0.14598395889855578
0.3862627237816383
0.2563741230450202
0.3857801259664488
0.3327267760255483
0.3804192298285134
0.501883706032364
0.2649562372526197
0.24017412932889626
0.29599602196217994
0.17815062448587926
0.36322846739872805
0.20241552853883235
0.3254885242115667
0.2691459049420757
0.40778756434387525
0.17325293832099523
0.4261953951386909
0.3830130524274133
0.18935124509011295
0.28202544599996954
0.2804377663966674
0.24187430816383548
0.24962446487288956
0.3135918140019878
0.4638666698363759
0.38368205684124645
0.4963543494436374
0.6590993573557662
0.49523059848107814
0.5104497939685648
0.4640922254421023
0.3049020858789784
0.6443474304848352
0.4525903442077328
0.6039601899794682
0.5922360567846342
0.537866462655834
0.5888464998826735
0.2893944980044533
0.21023386455150503
0.45581827287094356
0.643009450343366
0.5146999644646637
0.5925257758803685
0.6519303385921865
0.6935097949876541
0.6557124636008412
0.5336348999025768
0.6315176523253597
0.7257332722787693
0.4747830415605212
0.5228615459473426
0.3847232725730295
0.670084842386026
0.49952070713704677
0.4340504808524295
0.4437058234187663
0.239476849856728
0.1287063478636269
0.3226088703596129
0.1364793913236313
0.07679795330651012
0.2474766625899554
0.27447247153942916
0.07233134662031601
0.20046228051376822
0.21513521063283808
0.09988008614317027
0.3721937297251903
0.21930971704252383
0.10232953596792917
0.260121729388827
0.40576765788917496
0.23092271444615106
0.1495916999469921
0.19777183972246193
0.3339378036371568
0.09456251719943537
0.11505157757098453
0.05569308060521841
0.28606511125989204
0.37837007258895416
0.30587179113635693
0.19663421476412965
0.11349319150934055
0.11089352723893152
0.38015605683102427
0.19016120245182605
0.10339305402260435
0.07764205122457694
0.13771254318805717
0.4990113374530716
0.2797471390219587
0.37598157451199016
0.36521002519074824
0.1491030908708388
0.2880332660642303
0.14474754915543026
0.3109663999084486
0.19063574375181605
0.39420822926733734
0.23495032938089586
0.48145309362338823
0.24751647428728482
0.3409765945474994
0.4076745137470996
0.34202023331326037
0.3863890763816531
0.32277607735696906
0.3907142030575584
0.19490708508753724
0.23639991967838597
0.1118317752865036
0.13541141635920184
0.09860605915005043
0.3836798279468432
0.5067988161415257
0.220257078863667
0.18839047749274263
0.41058172995402137
0.559833005072232
0.3854601913306669
0.06787586599090234
0.34596846989955743
0.36904441831619467
0.24961894605078516
0.19696348981087336
0.1892950033178934
0.5420884434662694
0.2059426288863369
0.2888712100083895
0.47106755517435084
0.42367984138352444
0.23907774061858397
0.33067392537798757
0.4324524963261739
0.18300235138953855
0.056702954472207495
0.45273897315871336
0.09528243442270301
0.4517639986089098
0.42043480156522917
0.10822607654256088
0.18364374623434457
0.2563483486146367
0.3581921405824044
0.32435613062054314
0.4108896154530979
0.07038646953461893
0.29898054220919884
0.14895528634603455
0.27309728608421086
0.07683922011785262
0.4229019580684694
0.1878985143413105
0.06976954641092162
0.08792380016875515
0.4414115440765865
0.46762645262946795
0.3110887822369313
0.1406807330722719
0.09401105516190984
0.09972751277447488
0.37729069511744345
0.5195395087944387
0.17956529290301937
0.08871663077581264
0.442016022996359
0.18001298548065767
0.16015749173985255
0.21300949507650638
0.3759984319673912
0.293642651070752
0.24749465438839996
0.49349269147765756
0.21960160706341406
0.25706140202170724
0.16853762537074096
0.3759921223221718
0.3710476690852697
0.1439382006485756
0.09680200991035345
0.1603485811897926
0.11825766684689447
0.10698532005699626
0.5160269557669908
0.10484700977588854
0.09366305101335537
0.27465785887470145
0.29046409033131165
0.20611265700433568
0.21282122381344737
0.4331058805812505
0.4386726334681684
0.4904250383493013
0.0722509789427099
0.18140904545743045
0.483121628811426
0.5327437662521751
0.34260150626433844
0.35961822305119295
0.3568222710252565
0.13435116978850445
0.13735789924241668
0.3678468714427909
0.15197180270124036
0.31366236140415926
0.13134449191347583
0.11016791949425454
0.19592908212632726
0.2813681535867648
