0.8591497596293082
0.5492928643902579
0.699622788798807
0.7249531422623823
0.694152369655581
0.9317968908179084
0.8714625019479941
0.6921488930257351
0.879991192901564
0.9450563558807404
0.9230016787862851
0.671243707112436
0.7131633792960729
0.5872748007731641
0.936240688617622
0.7494698083468975
0.7785624217373127
0.7777244956093889
0.9660523988753187
0.6620189053033473
0.900286252744657
0.8034931101125761
0.45615962470534865
0.6403827679201483
0.9039699999783756
0.8397450804888926
0.8488352143669984
0.9335668983585776
0.6168298015412262
0.5523614420833738
0.6697244071689342
0.8214734461341822
0.9369693647014804
0.6342050208898038
0.9120765661561695
0.22242230179331363
0.723667917722223
0.5700292089687045
0.41438029426820566
0.6259351436244124
0.14565011409769954
0.2815047670936485
0.9193758097486177
0.9082454871284004
0.8106696146577657
0.8256310161221806
0.8409229165699489
0.5157667568794245
0.6370455174346474
0.3471951435972898
0.5022179409684167
0.3339492831161638
0.07713411866827535
0.834392322685729
0.08808783371295839
0.7480715323668459
0.477518969869989
0.6925585011937748
0.6935550494253877
0.6408902993258755
0.1741277764817922
0.9617690826633196
0.8627245080966222
0.8615492071660746
0.6472865592696215
0.9200623009966251
0.9160362167093618
0.2868818726120826
0.8932855896300556
0.6038845849458486
0.5264059405551238
0.5721366721789781
0.7150295245090346
0.3462924484693405
0.7602993994988871
0.7676009549769153
0.9237962172479265
0.928703091423552
0.8222074314840263
0.6289327573787361
0.40137776797856994
0.5751609748027592
0.08398921201487879
0.42314845870489004
0.683129172089246
0.3810863944990597
0.7154641616554603
0.6140840592379101
0.48644222412891486
0.37235281472891874
0.36363274823728686
0.29677565782823623
0.7896723004166719
0.09478500260554158
0.5413039393220969
0.8141336453716733
0.6054391870859245
0.19452850929336496
0.5229350994243858
0.5129116490185474
0.17453976743762412
0.12849972869919613
0.45967881996194065
0.1387899966070366
0.4463449951481651
0.47513136960283786
0.2525522331544732
0.7047433595991957
0.7117176468548834
0.8966149257160856
0.7976240101625731
0.9457959793875343
0.9063469176098461
0.9855038494720001
0.9925545445643166
0.8325800303889129
0.8809789752371632
0.9377532893107209
0.9351765782429818
0.7351556751087732
0.9498157103847322
0.5620683198995214
0.8917757406577281
0.830149818401585
0.9425608684867944
0.7314163549625314
0.849569200134149
0.968440316370885
0.8083641332349261
0.9155721569547004
0.9429172955887669
0.8675731702637457
0.898560933963204
0.9857169481009985
0.9261647732422114
0.9557512059715279
0.9711176821155639
0.9263632775188412
0.981644572230268
0.9487776593053099
0.9144974759990334
0.8499355292701625
0.7532220305550205
0.9251735243357295
0.8429087424891676
0.6727984337123162
0.8357241277086632
0.665581311930399
0.9711802645708529
0.8163936241595058
0.9053992014594164
0.9662363478393177
0.855686752640319
0.935034227161466
0.6966686329362796
0.898636094385859
0.8471019258310194
0.7384842470252994
0.951799444390107
0.8360793173846396
0.931170650571717
0.8861346971501726
0.9601744153116661
0.9044388028004449
0.6154374124079226
0.6595410880006619
0.9016677924293246
0.8550690591973044
0.9587426124557499
0.8578910494084663
0.9239393494557037
0.7083391316232529
0.92213731976141
0.8488884817597401
0.1829237494335184
0.8083225244828375
0.9125885026437073
0.8991403553365958
0.9193788593448776
0.8670529103863179
0.9589068199433626
0.8693219032378683
0.8759382885826766
0.9228508616929136
0.7341655975394615
0.8631473890871267
0.37160271040399984
0.8933253446871398
0.8505202158315247
0.9816269095827274
0.9724287436581001
0.9730406373126753
0.7431192718471326
0.8700619457192419
0.7183695341872981
0.9072576193593103
0.8860121861067849
0.8248312989246205
0.892728769023274
0.7834197442766825
0.7041906998238495
0.7692665626305905
0.7500153138318187
0.48488189233403745
0.547157960300733
0.814563409633612
0.7331735402919595
0.767373253805222
0.7758312235005844
0.7324858752755444
0.6787987896442995
0.4235884101834909
0.717755301659459
0.3776242713491598
0.8281412792265647
0.8462968577394516
0.830756885453116
0.6000905802927124
0.8608101445874179
0.8529768409817469
0.7304701340235012
0.5495229912113179
0.8517926434659322
0.8660735489892921
0.710869619571609
0.46531384288296396
0.7538892847152896
0.8731957757314782
0.5782640555716343
0.6615629073471294
0.5658775763106706
0.5904632811135196
0.761566991512599
0.4889532772780296
0.8983203538467872
0.7131820243786948
0.6506498906182636
0.5276070630500589
0.5362254259150682
0.8353584032419927
0.8038275145380964
0.8175280146641755
0.7804070316583164
0.7896258617989191
0.685676974387039
0.8202688774983496
0.7270206197628859
0.5929683804213369
0.8377767720208008
0.46748988560127663
0.8104931847927885
0.358899830424355
0.7731972416503703
0.8100525125834039
0.7589482167764865
0.6897351512464923
0.7315714906958835
0.5108897737380097
0.715145260377629
0.31031491405051326
0.6960332598936118
0.710509521065879
0.24661264883238176
0.7379935585619052
0.7612939050638212
0.8769500616145521
0.4465690153920913
0.703711041610015
0.7974349591997617
0.3086267481913117
0.7238907584351385
0.8189451821657067
0.4711659252197653
0.6130304693491462
0.874388386964421
0.08400390012887707
0.6049917200309618
0.4757185578743358
0.1820841957994023
0.6349962762776934
0.08805585780176164
0.6760696132183045
0.5604928955438632
0.7232621274754897
0.8931024948547788
0.791080990027586
0.23368282228345663
0.8049841826155261
0.8010718104164413
0.7606944939103871
0.6151430278734037
0.2973550366347189
0.8496636935661768
0.6995486113394067
0.6291719058445372
0.6998624588300402
0.9091847651668066
0.9417092422558513
0.63608840872208
0.42601890322048186
0.24867420188583123
0.46381079546441656
0.23987330858187722
0.8769373911410473
0.8232644319969428
0.6363044708521091
0.7618628691361404
0.7772176260399034
0.2482104814135111
0.7364882246088886
0.5217582778278578
0.11321699815695543
0.915431977474425
0.6449376926163546
0.06479419690374914
0.5710613871137228
0.2583870601627093
0.4407299527587653
0.5739165489950929
0.5876738676815766
0.9451427993460462
0.8889419394668466
0.3810938724819572
0.8220857976084059
0.10869130542516058
0.2873693104919317
0.549868470242476
0.8207053837283864
0.31519538905920513
0.2387429356530368
0.19135375861714904
0.29680139693329083
0.07017414720196477
0.9246229996736336
0.6711249074281699
0.06593984977966712
0.41303119679118255
0.36271224943206887
0.8599934550364405
0.714151521650949
0.06762989398724684
0.6452640357759264
0.5654470235327708
0.954755285144647
0.7720027726670108
0.8384999212209353
0.541398466042821
0.7335688631797407
0.5015940263527481
0.5342036856521749
0.890658367202109
0.9510975710775845
0.8155362114465763
0.7564577051868441
0.686526467523977
0.11030077410151211
0.6915408629973503
0.5688760083835611
0.08857079998927041
0.5724122817100255
0.6163731183324371
0.670858467777165
0.16507309746373866
0.6642423336702324
0.6593775670691157
0.7594309636737551
0.7821128942409734
0.8159618421858501
0.4529969207304859
0.43174913458681563
0.5205715519872246
0.45359688241877705
0.8058195357509833
0.9027824074845062
0.8533307228596684
0.6954058041094219
0.08247619464003522
0.9453488812033501
0.9508442434644383
0.8346057688388209
0.7817835736561198
0.9801115117360962
0.8761308945178143
0.6208376178062116
0.7125757478185383
0.9535039172541794
0.6715917526902316
0.7517590425336075
0.47556239235080444
0.34314057350795396
0.8161671655257966
0.3366635476787441
0.30422056350882104
0.7364410154149078
0.7679819399282982
0.4850005264400218
0.12475987745250572
0.8547371745172542
0.8762035601873714
0.5773892081815241
0.2885300312634639
0.5540555349747158
0.5330960563931638
0.08200770119280759
0.48194253881437843
0.5106255226682138
0.39542403518293184
0.3441444915290408
0.37843054790343056
0.8286131306129324
0.7556314986337437
0.831906265905568
0.5547284954171697
0.7989058560487132
0.10321947671858482
0.2640525177068486
0.44621201584870623
0.7948054503257331
0.2104617791003639
0.24151289880322124
0.3100771155219335
0.8317983060361613
0.7453947175106179
0.9276956368450553
0.7742112836716535
0.8467822878140284
0.18256853481457033
0.22357367778227336
0.34516039746277694
0.6646466899737733
0.9022515293829277
0.8572516268194
0.894108821495665
0.231937855833268
0.8964968944053163
0.24606477523630407
0.1347988976441892
0.21659888160105248
0.4250273329424513
0.7870260551817161
0.2425206380980217
0.18070851361125811
0.22764347986445713
0.6698954146676619
0.9457517194711813
0.849532497752557
0.9158223321627805
0.8009072925193018
0.716964411357926
0.8559152330957619
0.8501931770331799
0.7941837501574484
0.49603454198010244
0.8430922103464817
0.9039949634483799
0.5672110197686446
0.7125026821524996
0.6773463568849911
0.21551834965489938
0.8508989581270918
0.6062509839299423
0.8971734466370775
0.4675316732374421
0.574028350807303
0.13847407065270526
0.7559855026572336
0.4273115656105621
0.7642489708776833
0.7496185964600166
0.43615272677463435
0.5534540055887068
0.6635740388864231
0.4765519478506629
0.3548283052400823
0.42263796989319335
0.1086580248749935
0.19731973065404415
0.19076143875011167
0.8437404910684825
0.22329977218537225
0.6673546627862798
0.8149063265486696
0.1376871732285626
0.21421898351213442
0.8327906868348508
0.39892134629228015
0.2742706810529078
0.2909363558235465
0.8233301861744757
0.5483343088320437
0.3619015865272364
0.4964591542537937
0.13051770879484506
0.7377649935333429
0.338229007899503
0.3651753380819
0.3106985310374307
0.5201227217427921
0.5851861236692177
0.28083278788631305
0.22493392813194035
0.2188490852256678
0.3917626164843659
0.10487066340583492
0.6439015827238602
0.28763145306862
0.7579396887133933
0.1882449715085382
0.38616769017208885
0.6252159147541549
0.3705668181770838
0.8068108812329962
0.9373972843093699
0.9745602933559453
0.8520808159311486
0.8505920306481509
0.8711533909885568
0.7604865040991111
0.8696952533872389
0.9768673872636033
0.9644623665676608
0.9155606671238762
0.8245299908603011
0.93049019079924
0.5401271821022935
0.984748941091931
0.8747085632100677
0.5391331760588736
0.969104730200673
0.9420662769318489
0.980059680063395
0.9365688996371387
0.960668899522202
0.9477916486794067
0.9469357181275565
0.6730301546353029
0.9639232688426875
0.8103250227271825
0.8429654752470381
0.9477389107457644
0.8360490297449598
0.5336049662803237
0.9487835070912137
0.9776609515204474
0.8783800711677716
0.7588288275034649
0.8493794275932005
0.925246114740527
0.9439613489971534
0.930420913954338
0.4921091508996961
0.8994277870513966
0.7710797456868936
0.9586374723201198
0.9246674859772883
0.8921291015459148
0.8992618990650394
0.9277351099797138
0.6951226177055638
0.9330008354304933
0.7940399678470113
0.9521960006832338
0.9281830882133464
0.9153514983302976
0.9269755728838871
0.8875551267750893
0.8224340832498461
0.9464635780423141
0.9033825819326687
0.5093236439331635
0.36212570682508943
0.7965709237377249
0.8101891921736792
0.17888938566416973
0.8691215500904825
0.47188971411292613
0.46078078701844005
0.7561567579557221
0.36584578343190927
0.3441838586142923
0.7531997354435016
0.4804671062716249
0.7454267480811069
0.6210307235327656
0.7829626172052645
0.5859341647143557
0.5022248997164156
0.8464623989150223
0.5009404841516825
0.3216800890238264
0.4995369420178403
0.7550024232821659
0.8308359662552887
0.822155265811575
0.7382213639758065
0.7183932567643473
0.9564298150756634
0.8733165002115877
0.8220214363998994
0.5742597822866001
0.172161567651911
0.5969399703702609
0.7027258613722567
0.8685275219702507
0.4521968593800046
0.6289822038769198
0.8456663555424438
0.7358359854780231
0.6848477978854788
0.3784730123404334
0.68366083054738
0.5729557056694737
0.22206269443665355
0.6694742411449415
0.07523996447423044
0.6391267611949474
0.6133991060679912
0.6166265258537542
0.8851628418453208
0.1544809365041073
0.5552762729376332
0.5377002351605095
0.719686898049824
0.6676372069741143
0.06562335264002865
0.32147960497481193
0.28513296620350326
0.49943913408632457
0.6662835852453115
0.778125627440027
0.667607640068019
0.3316531340338348
0.7708776898551383
0.4176361928443853
0.506665218120629
0.7722648977138329
0.7273346793217138
0.15234878385790437
0.10270067504711966
0.5844458826278718
0.5922269507482606
0.23022636805163588
0.6668312572461691
0.83155150959016
0.8119900995328682
0.7636612923039293
0.23485371280893702
0.1846677578082645
0.07938376377037074
0.27889867046769334
0.33497168249874737
0.766651249651472
0.9266727770870059
0.8350691520506532
0.4207182420806254
0.7227556291828369
0.772308926592861
0.29925150395619404
0.479477582908309
0.29923401840974406
0.656192778256612
0.4168839402843181
0.37603158336961173
0.18495776472061845
0.5384126301518083
0.7095183642459348
0.9282054141140669
0.12236258169928074
0.48000263207544935
0.5642743162206877
0.44188734493695814
0.6533099605864153
0.7945496671866341
0.43193038424863683
0.10853425665732454
0.6841318512037541
0.3580944892813307
0.6921412493923964
0.8570574186980043
0.3071628669470209
0.34320242238624804
0.15643294833465896
0.3391780086613537
0.3774520364631377
0.6616633853276195
0.20617575070324587
0.8228373630790938
0.14359182106589952
0.08489981718904983
0.3144767753679396
0.7903750931788092
0.6643000645725691
0.2641849786480249
0.18262198699668122
0.48436857646826725
0.38608526938581184
0.8384012223240106
0.5841012622440763
0.31352975673283684
0.07977337311454348
0.765207074610671
0.8317041882387929
0.07315448382709742
0.6049798436558165
0.1689178349447868
0.7271471942457663
0.5331504386867731
0.5818885092367712
0.13664129170336592
0.2656006136842997
0.2549902985757805
0.18356873062536666
0.6941921954678473
0.7207321826295111
0.32216458108973783
0.383545892867393
0.7434389601530648
0.25897226394745854
0.2818605176687283
0.043208469452323234
0.4635547824688251
0.7188025643726815
0.4033747247516201
0.3120458404297577
0.13713616965115888
0.31204800503189983
0.3801152343800758
0.43266317033964197
0.07665872475628566
0.8350350053308969
0.34708695236632275
0.5609185715024212
0.31819704896945245
0.752209960625496
0.9533256367279241
0.76930888635115
0.8627039820271963
0.6647068767486957
0.7656626651084165
0.7906558478487707
0.1481736395595499
0.6476647001973204
0.6776860731001123
0.5529636990312936
0.30453321876897105
0.6563391648810587
0.1764961014769973
0.2997670653539501
0.06009851690272215
0.09976173539814644
0.2471609515444281
0.931760028037424
0.8751940489064814
0.9837320245974309
0.8204006209860708
0.9687432655475677
0.8635965108176296
0.31901379277794306
0.7427498289601789
0.8833734005208295
0.78964533816516
0.644219835184768
0.7506351724115639
0.7182066939455751
0.6408700196110175
0.8794595188241922
0.691285212989231
0.7101215607823008
0.7542097658139
0.8179585663392531
0.7247276890896093
0.3145776377704724
0.7997115679825781
0.6015370673370474
0.7625003177816064
0.7799419973789855
0.3540370072272137
0.27619479999115903
0.6994637178775102
0.3640218484878609
0.6922065215649829
0.6290622444224828
0.6723986461531444
0.6057999207678886
0.20462502098690502
0.42349058964073394
0.9395922839705805
0.8570508574157831
0.42055086477338255
0.6778871650257928
0.3700321407053898
0.42590613425894125
0.684649001854856
0.7437746745572154
0.43240120852780756
0.791174585008999
0.6041894652218351
0.6238761538963171
0.9116846400899047
0.7427901089636992
0.9319367844097529
0.6486622880509119
0.955878031690726
0.5032651499076872
0.6626497967149629
0.7382812741613615
0.2786525597532119
0.4848412208080072
0.8228325108422199
0.8271601295526623
0.18201532984829966
0.798780810761003
0.6773077949736237
0.9652043398919129
0.9043169882773452
0.8229582788541516
0.6513559075413747
0.9433238671255906
0.9018259623819536
0.8290229099732448
0.7635089836147648
0.930912109248771
0.5676038325657494
0.9534481036664042
0.9156195535139431
0.8661756544142805
0.6002099397270574
0.9426331042265821
0.9109068297094383
0.9578102058162535
0.921613323002516
0.8765253849114777
0.8248687794846707
0.8221102393035502
0.8021828525827727
0.08603179959444034
0.3506215542641464
0.9011540001210452
0.7339085973269764
0.8333703814348057
0.33352429215913537
0.7933734683213547
0.5600161350345436
0.6744365880408552
0.37335415329584964
0.1070374198307587
0.45566267960866735
0.37113764904328816
0.23300516297139343
0.6808270495354455
0.8887876458982241
0.29860334767457164
0.884146765161543
0.2357401190715758
0.7033469233383433
0.7740722659663443
0.24473959411524768
0.8000269562317023
0.2638188176960654
0.6231006361516198
0.2703597446901363
0.8758632425511039
0.9288418161039194
0.7544323746001195
0.8413884547139259
0.8411997663133708
0.7574363065870727
0.8168435744598977
0.7928296187531653
0.6804550424008754
0.49769822884791326
0.5159310452476767
0.8335474192990084
0.7349661436696978
0.9206493004030938
0.48564991773753813
0.9536685323106644
0.9576906683207748
0.8965312626939161
0.9548673120797738
0.8379500632561799
0.871584261155084
0.25403054429872524
0.1448439767368196
0.3418431757063838
0.879345708634891
0.898899580959475
0.8259667557231838
0.8982878786394002
0.21153374378528436
0.6784848637895217
0.6869753637305401
0.578564196065705
0.27895522511300874
0.8238767883393272
0.2650115599117051
0.7292219121857516
0.48396349937877736
0.887759508603094
0.601976745392534
0.5561558248577025
0.6394625057591744
0.12064434861697655
0.39265380805153866
0.6019443492212487
0.879895265810944
0.5851213881116124
0.6764930425800334
0.12515737129987825
0.8112787963897414
0.9273543374015387
0.8198272740183735
0.7542728780768415
0.32014093124232135
0.36850950888177386
0.879695589791556
0.5723386539349655
0.3275889589344148
0.7012675646529756
0.7769095283750973
0.8685206024359045
0.9296641507507213
0.815401640536928
0.8794627017380542
0.43663941265721873
0.6398596939103429
0.8561754916547827
0.9477878764624873
0.711853378227046
0.5091591699707828
0.653091580337437
0.6428583172775986
0.8586869396664449
0.3902324081236451
0.4718304553525067
0.48117725682706475
0.5935527540712874
0.4425802804648095
0.6889365186117411
0.5628280741193208
0.6524526544147069
0.7405521772427431
0.3295471255616113
0.3588856168342416
0.2816321015556729
0.8698385185277253
0.07490358399045073
0.233644114483882
0.13546288469403514
0.40698382300638014
0.8839959321074718
0.6412299383131443
0.6699638488973468
0.8495555775309845
0.9200017338413701
0.8968713119348777
0.8708314908289633
0.8605613140259752
0.8619717241790033
0.9035049155746456
0.8989713570713429
0.9388366040535314
0.9555159306402314
0.9045674651903867
0.8905274168218813
0.8640361090731709
0.8107766938927865
0.9386603453998114
0.5243422366344163
0.9133133693997795
0.9370196729343921
0.8882459420531761
0.8987300883980356
0.8872584746808316
0.9010137995061785
0.9249953335806598
0.7483625884738947
0.9347671115269578
0.9135709666988348
0.897915121126884
0.8403053983285317
0.9227505996791892
0.8183304838698148
0.4954977958419816
0.8800315930278044
0.7492923257356597
0.6183000507980384
0.766515525915477
0.5350938852108734
0.724787929677036
0.67694830937443
0.9142481909626697
0.8106695033158722
0.5779429069514301
0.7365735826479234
0.8872123512018587
0.46457634787825874
0.7232385852203933
0.32931478293201905
0.683795667479164
0.8458168356429936
0.874663700981149
0.7788912990146808
0.19055214863369363
0.6015486988328106
0.13966247316284333
0.5719865269866938
0.1918054830157806
0.6494812806020911
0.3452672339685401
0.20031105835677485
0.7777148118773698
0.17854385263248077
0.3985401151524023
0.08050804761165302
0.7176892153187678
0.15278027431516858
0.5623784360718171
0.5336609203022029
0.9187760525435532
0.8021193282316351
0.4560618577196482
0.8837301833865419
0.3652728614673128
0.10226791165448056
0.2351558790319353
0.7405136298786278
0.693025093337592
0.9099092689812118
0.1734014926290578
0.34429104284560996
0.7411970321851388
0.8009968540789848
0.9246572366027372
0.4321057806016659
0.839275526885759
0.6273525006516288
0.0989760580169525
0.07806422560117247
0.46766576130442816
0.833086171597668
0.38708822490650574
0.44533535191959056
0.6659980083663241
0.236337781389012
0.6022702602372526
0.16722316974425278
0.07043563413069515
0.4830150473986368
0.3070665583829318
0.5070262620177447
0.6271262384914763
0.251575014082801
0.08021735132795436
0.256949569506445
0.39135917208074117
0.7078499541881802
0.46739906841176143
0.2359605175972237
0.7490159260972118
0.7510098519378395
0.6009897988827362
0.6076384747899922
0.6800312653282468
0.6801649060380924
0.5488876275057537
0.4214853054283329
0.9179121051929681
0.23058712527360467
0.8313978683522738
0.12133623577076047
0.5909435434466004
0.7520097465154725
0.9191187533581576
0.8499921165308383
0.8999424091071194
0.45673356588239855
0.777401083471293
0.239803660184792
0.20725019841164719
0.7031507930915407
0.30946692361538125
0.24082422470172776
0.9726824945146056
0.9738274730320372
0.8193632429851277
0.6794728921284253
0.9143198410823882
0.8483268391927961
0.8287518004758468
0.901101051795849
0.7863484697478269
0.6549376541086132
0.36518913673969194
0.8049628956173411
0.24867209693865566
0.5168110257759984
0.5490323976711308
0.225154399765503
0.4574247182413348
0.16796568244705726
0.5623927037449938
0.740439528222771
0.8444983761435751
0.742401142293491
0.7517799503385516
0.49402870208260014
0.6009279081487269
0.45647380310196817
0.21005392611138196
0.4925698274319326
0.5450498247741203
0.9181056834199728
0.16535577499336904
0.6643735511239282
0.16277298589539524
0.607217406750923
0.7295790415124743
0.8915546446263808
0.8208620284021915
0.9092693920482829
0.6892186026187781
0.7691584396317277
0.6322786731732978
0.9415960889986422
0.8146653328512693
0.44704645167213425
0.6127414206769063
0.2590441792092079
0.5298916666687602
0.2212868699661964
0.10446605022619375
0.17375834470924098
0.2711321199870154
0.25116993800267623
0.49836465172043215
0.8351239051546706
0.9285121192382595
0.5166168812072235
0.7659737195425742
0.2500335632215997
0.37947079698309577
0.8984354071559663
0.8708652393916125
0.9506378563115702
0.43168285186748256
0.8697505185337794
0.8943021631083509
0.9232395926949395
0.8018394089565878
0.6454114893386788
0.35313041004056217
0.6082494599108185
0.8985645271494729
0.7186820695567301
0.7754720215996256
0.7109396801362754
0.8074063735221768
0.854069184179759
0.3502672592223868
0.7001974034156403
0.6713473096793993
0.68490851917012
0.6735654467568425
0.6798871904693412
0.7760958510310249
0.38078300942540716
0.37444057041481005
0.6281168634219496
0.9433283968433219
0.8329974277236026
0.22142707226068647
0.69490916056187
0.28379455763478656
0.7240266987050196
0.7299056030193294
0.8676473800686901
0.32783881538024373
0.3142953821506277
0.26281919201556675
0.856469460738951
0.45773025446882154
0.512289669312091
0.589752629571065
0.08002513431287013
0.5315615449387644
0.546718468115845
0.9139392093747621
0.8443422899936266
0.5207168354668892
0.8085516076860234
0.5221668487236414
0.2912507176282998
0.2845083101795329
0.3423488157949733
0.24987875991724637
0.3444857867991918
0.5447701854363354
0.24959253662997646
0.11488921428446905
0.8943798059634812
0.3637784197621981
0.9613286365108485
0.953577975555212
0.9237925134349512
0.9266339539305359
0.8921506726117296
0.7782520546283378
0.8972528742243602
0.6383304769183369
0.7478088576257682
0.9642627572298206
0.9616063707546239
0.9175790758002882
0.8428383046953105
0.9595958403387947
0.9507882035738353
0.8935492502404107
0.32345713490577876
0.2848009351857538
0.6512206956064758
0.9358641026780014
0.7859463586216939
0.623433974886096
0.15327451170543177
0.8627039051549261
0.6814169132060622
0.7876285349161916
0.8875610729585128
0.5599339655742747
0.8993663310188756
0.5594251611220563
0.20596640449368073
0.33471415778931285
0.7192193922955874
0.78985187269364
0.8660507127743153
0.2838426115793966
0.35651846183321906
0.7414886460614315
0.2775845320700474
0.7022787606834459
0.14653994506680917
0.4931876545914914
0.3262861872361879
0.3835535813641304
0.5032092031014198
0.22268729915314056
0.47078250117440423
0.8636886598889505
0.7669471859209167
0.6401378386520138
0.5363247639627872
0.43723081158519944
0.7419665956339471
0.21577828145899383
0.798693146243159
0.9085377472418634
0.6742477023415558
0.8996300539433981
0.7418457526621167
0.29482952450415184
0.662835572185394
0.8626095482872292
0.915142400657103
0.5536996092216727
0.10725714927185508
0.6685195133497934
0.641870321052453
0.7436110567163636
0.08042385023242588
0.19762117536396828
0.2651611756276407
0.27566618928819014
0.4407094481242099
0.45550453135278096
0.6113037463280121
0.8878000201624916
0.293949902134988
0.8856315444395868
0.14393908189818863
0.22491790721013588
0.319368071889963
0.7977138937396919
0.8987140268476677
0.38413105834645794
0.773329097711873
0.12261458687562682
0.7874456541032867
0.7457426522370042
0.8338244821980001
0.7650101611315331
0.5605860923565856
0.8039531046362804
0.436406308724073
0.313413550689575
0.8818857982869401
0.7347337627663847
0.8373913174487633
0.5418972410199503
0.4185190036543409
0.7743759354396144
0.34882416250286935
0.5405760862811086
0.7536709290622386
0.7778292326717267
0.8556011989812911
0.9206331712015764
0.878754558998714
0.6789520290187209
0.875437133716305
0.8636361481943329
0.6067897057422256
0.7871579897237795
0.9215895170556149
0.9314369091020137
0.7843461338888554
0.8103424290561693
0.2153153919194378
0.4615206161467174
0.5237689225041916
0.06419636346522231
0.12460173133548014
0.47205574296093045
0.6804511148445485
0.33406932675830514
0.35242592315208343
0.41538860460976607
0.4330343828965829
0.7030914895625342
0.6526157837697987
0.5801270100269906
0.2126884369434895
0.5248419845409156
0.5717864436616036
0.07678757950466426
0.7710376099851444
0.14756977746398814
0.7703780627281087
0.7182628630759902
0.5829213076345957
0.12077630491442254
0.9617496826547777
0.6740098713033478
0.8269816297640189
0.9123942066394837
0.9038828666845347
0.9232840696767438
0.6527847896232096
0.8798638299013483
0.46822396599709026
0.6446944434584722
0.8994466256397122
0.7621975773291545
0.6791475484947349
0.5751513258550808
0.5521748100863224
0.7513820130300458
0.25410913949777525
0.45494069126637265
0.36746835571138226
0.9169935446053308
0.3347340263777245
0.12406975745231628
0.7125282229799083
0.6363949639233867
0.932283890817825
0.8309401401637427
0.4747164968061535
0.9215117759335966
0.12133311752146035
0.822949930487216
0.5724491124010772
0.6197452263526351
0.2622807967720149
0.26028851369819245
0.24026842268513227
0.4158277070663931
0.7352479377699264
0.1694280356479549
0.05430217304584493
0.39236833034878316
0.09687421559876006
0.7819807008320728
0.5661185183934866
0.09034518996849872
0.46447812579054043
0.2897215433026287
0.1983847323016474
0.9411299060221758
0.8021594316784558
0.847507409609062
0.8276567878343108
0.18579279031345888
0.6346807733850333
0.7379856712067888
0.49082034250206646
0.7439618275687019
0.9358573553247563
0.4706582905664199
0.7782145588488235
0.7873762667938283
0.7307828464197513
0.3463612274207871
0.6931134343933003
0.5167512477797237
0.7415358587162147
0.758987686634766
0.29715231898449157
0.3076047354801225
0.2548758129504085
0.8413156351503851
0.6835350590656252
0.6094071830200444
0.6765067899998944
0.3740129728897502
0.6387976358178903
0.6663078569243361
0.264544561720832
0.3116984989234863
0.3385974061954922
0.8283419906437756
0.25891355499618435
0.17347559548858682
0.4345848642298028
0.7714932180079581
0.6235212411662985
0.6816220319666101
0.5446748818047215
0.18256759345521317
0.6865060309920051
0.6374021573922701
0.4513264756963905
0.3795187118610239
0.36915230720333325
0.5487249273477056
0.22521493629854974
0.7737326703891361
0.5455635227290475
0.7548923292496226
0.2398115861937799
0.48894110300103655
0.04326709225785705
0.38458899378153893
0.20654449527918511
0.14126362566019143
0.4642758835518432
0.09779461036978301
0.06434153868477896
0.13037702384762154
0.06226078397075208
0.22808749233365364
0.48322223349004395
0.4257407664704388
0.14527003937161428
0.5926862115874144
0.22179992483673472
0.6635616285701306
0.5422669460273083
0.26067720240528386
0.27111822730604845
0.41123262912160147
0.3051722899711532
0.8690600568294073
0.24591540634915415
0.1317782765872815
0.38806538606434315
0.2987877354787283
0.4998600713879122
0.401779159436136
0.20585778506836114
0.2779046289731004
0.48297423846621024
0.16373415128005864
0.36758478488414803
0.43275977257677656
0.4561075866284433
0.26073531668859373
0.041990324624785254
0.13577203649738967
0.3719978258979849
0.42042342313916087
0.3623960862199648
0.6656968237468123
0.04765247834549967
0.40530506490328494
0.09022282877014647
0.2675911576280744
0.19854272507152493
0.6815985212667551
0.7288956994204028
0.688259028802579
0.6721721218935921
0.8116373486564281
0.639765352446819
0.9528299411506269
0.8765676646658254
0.7095293256968034
0.8718934937150001
0.8334860378119913
0.37729551975953973
0.7500056137334874
0.32281706109638697
0.4190654958756923
0.9563840217096139
0.8176680887162286
0.9416346714047416
0.8015028813946062
0.634916202358079
0.6979344702448844
0.8278341756894215
0.2797057189547857
0.9095557325384
0.6834668288156199
0.5935332443281497
0.40154941266949606
0.7758920857693339
0.1363321441056938
0.4592379759325483
0.40513152120310275
0.7804332477810786
0.15372227616677456
0.771761087544382
0.5870027957849361
0.5760710311820405
0.710954050788337
0.6858495433357502
0.21214587068625848
0.6942826356191233
0.19917056021829455
0.7882780695612509
0.11764692673074399
0.4094327458753373
0.2913761235725287
0.33930179852867876
0.33453831166008
0.3235415626035695
0.27357923909942566
0.4757214515681507
0.36760406197640777
0.07671894001154307
0.5151762109378537
0.28129763280117537
0.5051468338925923
0.5225665955245756
0.10660131751035815
0.5264925881369334
0.8437983934845293
0.32298257449396145
0.09740285527149163
0.5145707102167306
0.5224233028922175
0.9329951733762905
0.11079014020669224
0.4234604466533057
0.1949763647977371
0.7144186418741444
0.5228408772785497
0.6250084381353773
0.3801662328028603
0.9228432259880373
0.44805295833211306
0.436079635435321
0.29532849708088915
0.5701805088065135
0.4449163472772125
0.33529132053450844
0.22027871548888522
0.5292140986040171
0.5464837649712114
0.18933110188746924
0.16146377691585104
0.38511942605832705
0.6370920644516621
0.8905837605870789
0.31743964814006254
0.21180660104661342
0.19922653154923187
0.14583478018289117
0.21363128532390707
0.46330173436806027
0.7354793910568137
0.33991616853794615
0.8774718683213066
0.5243308144625167
0.7182242099272237
0.13374894647137855
0.7926495395758584
0.7666650606595705
0.17093385634609623
0.7924309703012067
0.5022696478749492
0.16750694467532015
0.4478859648832401
0.8705407269651056
0.7978174504889936
0.2966640098562219
0.8142421566060322
0.783263544259552
0.8804191115078192
0.8935380412481219
0.3610463044627531
0.24323531757650244
0.26312446874960055
0.5907741495512323
0.44947571145156895
0.3713202777000306
0.7375245993801581
0.21436465382640427
0.04472677246911529
0.14073992509454028
0.18784132805243775
0.12607924097049394
0.062156960121635726
0.2983059253584354
0.2237384855087977
0.5480701782793493
0.18923301442933896
0.6562546188308037
0.44817733707835955
0.2606678511242051
0.23164251700247376
0.27474749523739117
0.7417502447704305
0.4676763464632672
0.43838106278150357
0.5885894324617006
0.07962073052738537
0.46166203739071754
0.8949306353236379
0.29316850644714365
0.0902421581268956
0.2782773553882938
0.5600602400090364
0.4902591336466328
0.5928460172269753
0.13961273549394942
0.8945282058496109
0.23545944691505874
0.5969217314769345
0.4874284869641507
0.337528084636964
0.17855803592616026
0.510027647922783
0.5654517659665115
0.5206714381630232
0.12023494896097399
0.603368500518794
0.5305845515256125
0.2334325949544621
0.3274645988472616
0.23962026278412377
0.06329189595902808
0.5339061011424142
0.5530579759491285
0.611378516434956
0.16793118683700636
0.4767117060246949
0.7717316000603459
0.16968947248292543
0.4253309606601587
0.7676716965682804
0.7098418182902615
0.2938212356368854
0.13283837283563887
0.09150258212085377
0.7542401683529193
0.631197767374261
0.33880654739177585
0.5952939431128742
0.1164999578621078
0.27758170409607885
0.28331775696380557
0.8752248958167224
0.9270014253564872
0.3065862899776192
0.6117679630266624
0.3451824215696351
0.27476641380514494
0.11726732616120138
0.920410956800251
0.6704590284502698
0.49102414594983035
0.4823338446112446
0.30956005863834585
0.5462935768181407
0.8164842796902483
0.263854019481596
0.08651975449497026
0.26497208447825604
0.8956386656203517
0.9013452550250716
0.27904710848735204
0.8092935940387884
0.4496455303912845
0.3021356006302158
0.24367274586702206
0.09836622538007939
0.5337578056474964
0.4094934604254063
0.6289852742001808
0.17796497279192208
0.38372836401765625
0.46126469048821
0.07741407176401258
0.6026359776972016
0.8322822331477393
0.08258762087293882
0.5039062546722092
0.5275686719932359
0.8403560421308629
0.2252825576692007
0.6776254826091832
0.49148023658056117
0.4758361282372674
0.46252571968374734
0.5019711356309757
0.11629005635863421
0.3858036054655594
0.5390072404856802
0.2886195793160396
0.49788683529335903
0.5589790318210612
0.5645544832101382
0.34874827884292403
0.5201190452310852
0.204705738940144
0.1482291021534111
0.8122798648418823
0.9002784933028088
0.291351017261526
0.2148340034595156
0.3311978338996631
0.08719280382461532
0.6995173213225705
0.5413159289171876
0.2915949416345658
0.229971963440554
0.20438311960627673
0.31300520737370774
0.38802813875725517
0.3402825955518529
0.9336259606694898
0.7603694451463788
0.14339450673239065
0.17172716923850284
0.48139239317140475
0.44030554251817866
0.754522849180406
0.21407498144183676
0.6876733914651507
0.634616472611389
0.6655934289798262
0.4914840120237978
0.48989139582722907
0.25438218204565716
0.1984313215609868
0.1923300015372703
0.2919947636854292
0.5857138484635924
0.5759059030579948
0.46695945010735246
0.3105458181226999
0.4107324299921422
0.6551665155807336
0.813822868160407
0.4949765412927008
0.8916413445198553
0.5308791861481836
0.7540042005304114
0.9521039535893053
0.8538690534670129
0.8080140412079092
0.5719083060479898
0.8081681127783449
0.7954405990412712
0.4417430547162648
0.3846645219463808
0.28769465753856965
0.25814546709542635
0.17733910079558984
0.27462941514775774
0.1798042140686763
0.3324179509764282
0.14066287640950864
0.26552037481070273
0.3079659267794431
0.13356180534916365
0.8564032868032221
0.17839000064427013
0.3625613587865864
0.4794141715793495
0.38683222345769275
0.4802580802098987
0.2493004744838851
0.11947715953580718
0.4656314851509377
0.8380349007517045
0.8366553701039442
0.8791259901020516
0.9646060941582241
0.7890759059604907
0.8468904486831204
0.9027871140288758
0.8547712896713018
0.9711479483381031
0.8703081607037343
0.9119250607995129
0.7677290714268107
0.676743052531541
0.4429428037280924
0.4206116449854944
0.624414436177614
0.6231424175524546
0.9061353794047066
0.6856739555125363
0.8481160781969761
0.9300414548162393
0.5148284599975178
0.612183014206181
0.624665371582507
0.3758928168450337
0.4887353280897606
0.3273134025306157
0.47493298542852874
0.7147447008566205
0.5005679101356553
0.41348821984469236
0.7147447008566205
0.8820905131776092
0.3269946093934375
0.6449861403448469
0.5734337421276718
0.4713228072557645
0.5652511739494178
0.5795007679449071
0.8146165082490116
0.6797951260617912
0.4847753014477669
0.5667331281613096
0.788742837602221
0.9144541654740947
0.31553541511841793
0.7819235970155157
0.6460538408044422
0.24884106984370216
0.6843997952839547
0.5718577374551187
0.5423086752054104
0.26980433973919876
0.7150580943620638
0.5730694704909077
0.8835001653778466
0.8128801062780548
0.33919603759967465
0.30006008243444815
0.33069234851870394
0.3089730165861776
0.34862090015425
0.667918379138343
0.2524751125806511
0.46141907394195364
0.37756800114974803
0.2951585311944887
0.2799686774478276
0.13932237391124236
0.542593744348128
0.11042639471997548
0.4510148136672507
0.06748292437263453
0.5000519787720653
0.6226847909203661
0.13468649509118555
0.779392207046704
0.15812018716439527
0.2988867888342818
0.34861796872369655
0.32885408074987377
0.3252344099410744
0.5125246269163815
0.0710200233373808
0.6838232075786457
0.4815045485986427
0.40497883244728966
0.8221716257282239
0.7320629998183805
0.4092293343758672
0.522360690201179
0.9156045435093415
0.5728267412454284
0.24941675578862735
0.8450044858706368
0.19041937114445626
0.4929240362279458
0.08054076059059018
0.7579032091200708
0.20658475082781755
0.7472187715164637
0.5283879880689205
0.8954795093374405
0.7316934738567092
0.679960570996912
0.15121911462534893
0.8800842219881334
0.649142908949835
0.4570690198382819
0.8367020635838065
0.31617428207748854
0.1710667511836095
0.1966627460484675
0.0854258457140493
0.22301698047577673
0.18066329758374852
0.6157555597361934
0.8829563480618605
0.26598166155927755
0.0907514122846214
0.7702861133917787
0.11754039787655464
0.207020103614555
0.269527225112831
0.49742624671492386
0.6430473601473803
0.91479575913982
0.46658426071825976
0.9344120818396262
0.6159218092966727
0.4620717267462287
0.7761166297459428
0.7827004390202879
0.320286161148566
0.0886359295324409
0.30472774338556907
0.7774108166583932
0.29593705937580117
0.8176904111331829
0.13868904722960854
0.8571660945884026
0.5230254636541279
0.7086263100173866
0.6105760426027236
0.6835348321439239
0.9524205045946077
0.5738359857704599
0.6089988338832298
0.7782704832044999
0.30257871688879145
0.44199112707885546
0.8823426713636426
0.6048530182549624
0.8806688455892745
0.7137191391590675
0.4715915223946868
0.7630348367787122
0.48657796148016796
0.6573631331085766
0.7468054039500582
0.5093029697134267
0.86476936865489
0.35780056140133404
0.11133779339666808
0.5138634469637333
0.2302739201186472
0.13303275263815917
0.23666803954403418
0.4888815184743877
0.9461212261792158
0.31803733248928656
0.7435839480906292
0.11669965373381783
0.43732376299682224
0.5006586147925162
0.9230794601325878
0.8292340151516095
0.5285570858706997
0.2831908254730994
0.4463988654734787
0.48329404629904915
0.15039466412239857
0.7966168293108441
0.19847262700030152
0.2977561446542391
0.2939825916427167
0.18413093161224242
0.3726438446564374
0.6387346295903615
0.6260880713573853
0.8956385095622027
0.8162785352389899
0.9302526726846547
0.3333088848111216
0.1054081502906002
0.406163243129457
0.6660668196716575
0.911191066983254
0.8810744375953061
0.10764263675228757
0.3342902809273578
0.8398603780433384
0.7737508433747368
0.2632661668313639
0.1287258133595829
0.46694766067824395
0.34563869086401544
0.6275277493687709
0.3515336677968628
0.3681508487651887
0.568297065753308
0.4926744663650409
0.8805331987912743
0.901190491607132
0.3288771638084342
0.25067141544208854
0.4458029300291491
0.05197706871137618
0.21951816066770033
0.373296601803247
0.048396111704906125
0.5022020689372801
0.849423815806026
0.8683321116105148
0.8468261477326929
0.8843106138757145
0.8862839711690965
0.9155577852183164
0.9249047436469765
0.7916102878780716
0.4439829850108003
0.7773706183854497
0.7602669601807449
0.5538092375363368
0.8132780881464247
0.7027536877893257
0.5618248812071197
0.3003963456673577
0.6140002606055395
0.6240808969240987
0.7384113340428204
0.48329278982501395
0.37596734489553657
0.9406314328860126
0.2749409296658859
0.5338963477394508
0.942020195110787
0.3250451576867125
0.353380684083064
0.11255496896885935
0.7241696298638511
0.6111276954230784
0.6052395123438479
0.9142106790800575
0.4039663941715824
0.24891665917959555
0.22154534137630397
0.5724076444475776
0.46499487963820935
0.3898365720735816
0.7035661978959606
0.07475152502549082
0.5601581748255655
0.35658505092340714
0.334619831703567
0.3345790784573593
0.5908074808884419
0.09091062210053111
0.3906382992137528
0.49167750425501217
0.8790208236896121
0.2983529969631547
0.40457077105416844
0.8695194126088188
0.6005669810770599
0.900062740683508
0.469946217317031
0.6096527627967593
0.9127151309865947
0.7093569183894742
0.8758206654659918
0.9460365995742179
0.3253008084885381
0.8522536912414388
0.83996734498803
0.7154966782114799
0.7672735507439615
0.1465101356274112
0.5569689565349001
0.6840710798603786
0.40411261175103264
0.5332304130837465
0.5933781415554977
0.79178703306258
0.6384491121742688
0.9469249025275019
0.7880468957799536
0.6177121862965942
0.289975343066009
0.778935649109471
0.673318465950188
0.1635160000283922
0.137376716387532
0.3608423318798621
0.8118527372731906
0.8629651923304684
0.8011998915600022
0.29052366873582064
0.29854347261651465
0.21514129455778166
0.8934879909282982
0.7623706641026484
0.4269506020072591
0.3028297511807408
0.134260171759663
0.7179187047563955
0.8304037693561814
0.45163313228137114
0.8194695711818406
0.44276718079602645
0.5787975489629125
0.24742722249753255
0.6337318456757315
0.18852819625901535
0.26486553720200806
0.30704533182570826
0.3302562349071151
0.2898162064388373
0.6761678038481558
0.9025945165598837
0.24903428678469555
0.0652612758632228
0.11240699267495194
0.1730838932956935
0.24245323847646907
0.3695582068369327
0.661659669807662
0.16708476790852173
0.29414134674090275
0.7620905859317124
0.7414396429781951
0.8377182286635094
0.4205426226999446
0.8575374184969328
0.8266282292732735
0.2939599075695985
0.8226761798221159
0.7438841082413531
0.582898206418744
0.34523638455344635
0.2048127689418187
0.5121495034243086
0.760853016741774
0.39940607016177493
0.23266622167468262
0.5097096635732214
0.8299800850021023
0.8020383915255269
0.7321500527785105
0.47096694282581814
0.4686975155399946
0.9302691968608332
0.5705811727379807
0.8687176191948447
0.6646583731278549
0.7092464221583704
0.6761969029119053
0.5300287883339398
0.3717502439250429
0.8331676406863261
0.7981562412231353
0.9087595532039976
0.5746130703645989
0.5746130703645989
0.6212449790304854
0.7580722322959838
0.6095154916759083
0.6033597633532994
0.5706444783306277
0.5244185274516764
0.4513567068004791
0.35473970536750876
0.3138050385928794
0.5372457975751731
0.27827880347757117
0.23712027775228608
0.14792338539446112
0.8535662903952838
0.25237830292959623
0.16228670742950477
0.4137402773703015
0.13460969919877755
0.6510082115239898
0.8239772584656377
0.12107767983497847
0.6406724111372023
0.6623107702201004
0.21209542523027544
0.7011896810148553
0.521069589565368
0.37272243753883216
0.9121499204037705
0.6313747022103333
0.4407281111275752
0.2990252861034143
0.27109930126237414
0.3218607519901574
0.1965631407015371
0.43967666778442277
0.9127957586659802
0.31223769582836436
0.5674857913021619
0.45158068003581414
0.47017330375128713
0.6624197870851432
0.2634924911912526
0.6953211812975227
0.4424490703938519
0.34483377252498243
0.4332861787876109
0.4279729972541139
0.8005875935050624
0.10119844100945387
0.16938196862570334
0.7480859271351216
0.8725614140973722
0.8947301248673164
0.33262886069920605
0.6254425250204672
0.45177642586334477
0.9114453791072049
0.55806847641278
0.20132140008763694
0.3452173170813582
0.7855130988706756
0.6374677518487224
0.622403729227505
0.052735980559076356
0.6546369103123979
0.6590515324892884
0.5881763842528078
0.6618222034692008
0.7643597779391101
0.7196418042711682
0.5405722316209394
0.714747314510063
0.7266699825699209
0.6543016492834215
0.4660630639432394
0.1806327990224601
0.6302861001692668
0.09966780757137622
0.1990478138936454
0.0835925382808272
0.6641431943916138
0.8962595257624166
0.10343993251927298
0.6707522692394801
0.20386185056880168
0.46293966697609334
0.2226147638590905
0.1016608786341473
0.10897971206565722
0.9532009476525564
0.552791963621739
0.8900706804999903
0.3965563303761477
0.05887030196391468
0.8884755017693355
0.332912080467827
0.4444376502762036
0.2447912542892969
0.1664710598677847
0.6650629134584201
0.32901002745966706
0.4939029438165679
0.7518336076770915
0.43127212636433826
0.5393646985942725
0.22150467365247672
0.376810666015921
0.6220707501779968
0.30334176993105794
0.2348324321558025
0.3720782113086604
0.6057244377205461
0.38511027499929973
0.26681214186130503
0.6603178685222093
0.404550448608006
0.8241550708119247
0.7113407732166813
0.49731899488126097
0.2179029497643928
0.8859649690445915
0.32995988267387355
0.4007263635220591
0.34689461557636786
0.6768872941868411
0.6265788889526797
0.7890620419955969
0.5083535506189565
0.8306962796641243
0.31560906257201315
0.1967400515587421
0.8115147957968345
0.3522474713252912
0.5228344876676448
0.5168024253087558
0.09753712945250877
0.43895944313038365
0.7553738827124759
0.7823037962669303
0.75059933529812
0.39086268944159425
0.8298383642371503
0.43006443515344306
0.6352430710149
0.06332898231702078
0.852721258849935
0.38259835596037944
0.3069061141889481
0.9413428498909205
0.5642570990485777
0.6832003376697418
0.7136216794385628
0.1452365337926497
0.3850628844729068
0.7387623972083658
0.8124082579981148
0.06936363912000736
0.2801576626569134
0.3017927033883551
0.19951015095219532
0.16700230836785707
0.3673234244971767
0.12912161943048417
0.36757199472584207
0.07405924700729336
0.4293116236672564
0.34847267899280865
0.10422895974512775
0.6825719436438384
0.8244656707862432
0.44490679997254234
0.5412203517110461
0.11816004383453448
0.31653749452158203
0.7251363497596262
0.06612399463070644
0.721332256717258
0.7449344431794809
0.36806980386203736
0.46971745288050826
0.6964977631475675
0.337518638217888
0.482469118090169
0.738794360409942
0.8071622305997895
0.37133429138121277
0.7237272967947123
0.31653112946890705
0.6192139539395988
0.1703816397472513
0.03231697414161655
0.6724975702267763
0.3693691542480514
0.728582771896633
0.06701774386075507
0.5128521916195853
0.9437670798384253
0.48203372431001384
0.8806891757759627
0.5372915454593443
0.19631210204067226
0.6876247792732141
0.7597385955726857
0.7145058409130629
0.4852636646459286
0.16947777758446858
0.5462667962493927
0.07793771857956014
0.7713747760608698
0.4376121846444241
0.5341615394982453
0.7907416795337742
0.10743559716458109
0.29156121540238616
0.38009012521940155
0.6546794521779641
0.30086685462203583
0.8795646772945485
0.037345223667070285
0.45266485729187456
0.1320786495872316
0.18470650290235022
0.4759429293611952
0.3074227262066587
0.2845292510325365
0.8191867822387379
0.6144524997006067
0.48471279423956776
0.3954784098438807
0.6361703615296999
0.3451978487756567
0.04916154534013833
0.7607323721232769
0.6379528616741901
0.2182681726900364
0.845127032766471
0.42847459060671955
0.3436352833211504
0.29187672019008803
0.4265255432850617
0.8595349407590797
0.1126093735141521
0.3669402702401677
0.40796804154944677
0.09828391938430141
0.9364305697426943
0.2500805549724514
0.0975635377820343
0.8651091670955607
0.6943049838533027
0.4354552633308792
0.4538324522902583
0.8892782745429744
0.5811550442713945
0.6903190275776436
0.5137446257344308
0.19172619408708905
0.629692553801516
0.33996813809004783
0.301884991689359
0.7543878658313677
0.6959042134124339
0.46436418249530514
0.13050919185052554
0.9346916258780859
0.3123648874707753
0.625740341140093
0.9532797251249178
0.10340559834452706
0.774164454528705
0.7158344861490383
0.6018228423138795
0.2753588336127643
0.3527897551394342
0.4220364344899226
0.05644355624848168
0.3026909213897264
0.9065648078916092
0.48479218661975454
0.6796180341070402
0.14273597080436504
0.7030314525686273
0.6349990566642898
0.8357056980959305
0.3258324432640073
0.6626413494317147
0.32254560915442504
0.32671598645095823
0.07998956572484262
0.3307821638578901
0.2091626308172777
0.49908515721964447
0.78623233969824
0.828171612289862
0.6684936049509157
0.45494196040444346
0.23190457655650457
0.697181304683097
0.8016903876920187
0.8466645928537989
0.6989377788960289
0.8747111952309008
0.3714092676281818
0.6056868148406097
0.7735336977320247
0.5063975088388083
0.6793876706323441
0.6138629004347761
0.48373226328670016
0.8194681225392155
0.9218400393787001
0.8593059984582294
0.39672879901456376
0.36297456985891546
0.2952971913848513
0.6334323706416527
0.6171124669255746
0.35516923171560166
0.3926882969881221
0.44146318645321464
0.6314175344441004
0.2619755142523701
0.8576754930930671
0.8614884933852572
0.5499841881955816
0.33538147742943786
0.2864637911016197
0.3500947624421823
0.3907511307541467
0.08971119173437138
0.5864049280093241
0.7591873661249028
0.3780938166750558
0.15739140161506926
0.7191389984854192
0.6982133291068496
0.5093821192514847
0.3941837648930984
0.7560938493753725
0.19732639357808213
0.19487444362972622
0.7774005032195936
0.239352712591196
0.6145325939681172
0.1997045888741366
0.28650624763113564
0.15756300203402931
0.21382891628200057
0.3209053880746999
0.3883932629868112
0.3541732572675741
0.23729356897575665
0.3028952672097337
0.37100646367542456
0.9320882308479064
0.26049097431440277
0.40293024433681157
0.17895859837833394
0.7889672949592894
0.25044562299808154
0.47730940347673473
0.5072176611895189
0.29190686417187267
0.5083808605584863
0.16131725102892466
0.08719594163422924
0.7707011434022748
0.9061090751294641
0.8542014986525711
0.6151238456520353
0.3430706902774226
0.16398816248604475
0.8468778282300682
0.8627513914706172
0.6289501002880221
0.43948598118057636
0.7507782442541713
0.8938119630200809
0.051168497367992186
0.2862073636817374
0.4942117031341945
0.25422371318955017
0.9268201674609147
0.47235366660543554
0.3276772092474999
0.5002152729099234
0.5409678408767553
0.27408091459141026
0.7150942476295604
0.7932330172790455
0.25872410669338824
0.4948562109136461
0.3629460429964728
0.455478124447044
0.2867567610084351
0.17014268829349424
0.6862535815337406
0.38351731801786354
0.7864844180712562
0.8111772742288162
0.8042498169549667
0.5493112071622934
0.4461077371635098
0.3723006131225202
0.7378570122326896
0.7362542058236563
0.9336959545124653
0.669835093213088
0.4587791029487141
0.8445248395948872
0.10840736676744857
0.1267876564272955
0.4627945586231346
0.9072418191979237
0.9681829901850912
0.8709955524523901
0.7453406852245755
0.8635568381598396
0.641891387235658
0.6776402030546873
0.6448891273572633
0.8047095633836429
0.1738071086813406
0.4014122136935351
0.37844747807583967
0.5410653388300446
0.5772086175437809
0.7519593329278136
0.47190857708994344
0.4564021340082009
0.35631656817448226
0.741376696759643
0.1758341825626251
0.04416262070198985
0.37158779547709686
0.46091558257757437
0.0846222911510671
0.04657348140970033
0.41875659366820994
0.167317961813211
0.7234476538382801
0.2549933740308349
0.11299009957432543
0.3160943264931376
0.4464845239081894
0.3214788747155872
0.3515233345603787
0.4028648243023613
0.4430410130408681
0.21830021385253218
0.05867797388884483
0.08148338512494725
0.37714205156893155
0.30081928986774514
0.30159989878695187
0.29033077649196004
0.08873494188916589
0.14658451254994045
0.24476276039252193
0.3475776127291402
0.13881110868897653
0.08683439111931446
0.27549427974868657
0.4722757214901019
0.3516627238887413
0.2868458397430503
0.31386919520560125
0.17447342015270692
0.23974895894186435
0.03711316414921042
0.08055920014766749
0.1530010466956579
0.47660080327017773
0.1356965111262802
0.7870036046009525
0.3318549837578014
0.19531670201952528
0.2941492665831899
0.2543012521553107
0.3502655368933179
0.3366194583310288
0.7094685920868485
0.1946309916379318
0.17589888790737057
0.04146478657448078
0.19929125845207746
0.21968137733013543
0.7389054294280539
0.8251028640891096
0.7138283305712478
0.33540364998219063
0.3263630807589793
0.5109040324832239
0.3024053763615798
0.035484243244865404
0.2175375509820654
0.3842373620822357
0.747257264778164
0.31529594458541715
0.1095377902102118
0.42478984542177384
0.30290743312396157
0.5403416630060596
0.8916419049805933
0.5823849959360974
0.4730119673003404
0.4340171516460619
0.8543136172618228
0.14066297494370342
0.09397678490733763
0.8371977108274352
0.044008645556835195
0.6239335553394312
0.7667871562052435
0.12795558062200837
0.42026678310523163
0.14115581693034465
0.6022979088796357
0.8930163863813179
0.3909958294165939
0.17070556908914533
0.15707189943748187
0.10769753904856269
0.30463277836269265
0.09088100722251623
0.3143512000391585
0.3030210940679922
0.06627918869791735
0.1739469401939327
0.32326048687016484
0.32687037714052875
0.14578295439830288
0.13495760116588038
0.07032919430493563
0.2813801540742691
0.2496129646866087
0.8115166477525412
0.31889075546590684
0.06273603458412004
0.3322409965607264
0.10437515368540735
0.275344003044522
0.40828916122113806
0.5639730197694006
0.4879518404857163
0.7408582135143936
0.7088410367367882
0.501386379585803
0.32773603634745374
0.05442980989408897
0.8773036349222351
0.7339186924729822
0.036654307581719975
0.08285220478838419
0.25631313847824183
0.14767804742964308
0.06637134698435396
0.8226510906911426
0.24900458758978092
0.10225113253553127
0.38572060827623106
0.5062430521955386
0.4478562947105979
0.4667023576534343
0.2946053373268985
0.7981523626708059
0.795229414388534
0.28305353180839304
0.3049463873935724
0.7157297722655936
0.7430894266527935
0.4739530939062561
0.8316774531217792
0.7803419826387019
0.21559686368574835
0.2279250744800042
0.36831204350281826
0.23091937102162682
0.1936640388908621
0.15773413970633687
0.1355773252974696
0.07217180950717499
0.5351908204058781
