0.44365458501004945
0.5723340529215047
0.5563267780095417
0.8393230757821211
0.47838510481888247
0.8232651191188547
0.805338456972401
0.5729499534210039
0.855537894262792
0.8284889991664938
0.8835355262535528
0.8502460750935142
0.5582124771926233
0.8991924726842254
0.8416512804896606
0.3873294906401314
0.8197878442999162
0.7642396364840166
0.639485524231835
0.7280501415534864
0.8493344473420845
0.40726796137106797
0.5647061687480496
0.9440886481835093
0.8582856733775999
0.32092548474360905
0.724714323164405
0.5735452412857043
0.2522919883903716
0.8447515828771649
0.8103944166729781
0.7281517741629089
0.8810305276300198
0.8403854697598137
0.17258472361881635
0.5683839642125402
0.9018660045888158
0.4814824790099269
0.15693481776986948
0.2642742437578892
0.29119295956966595
0.694659683107647
0.6271384813324685
0.775520659761222
0.5014387469059253
0.6458730716407787
0.5520311872601088
0.13474322541131598
0.25367196124234437
0.1447511389897627
0.48610674913592966
0.1781442087080538
0.4180356823520951
0.43718769828795406
0.44114838051834954
0.31433897511681114
0.1974661933845603
0.34964598835321425
0.3938735833585871
0.27796417228650094
0.5558493967305493
0.7637067102560583
0.8778096665131183
0.44598071609453027
0.8356409227669165
0.8293322344036193
0.3815727610730458
0.9004435535932005
0.8694645620661947
0.5150203870276615
0.5367335133581608
0.5918730165669669
0.673865980322479
0.7445681350363672
0.8471582803683988
0.5342164933211156
0.6166759567609637
0.6125201698535722
0.9071723537235842
0.4882567441659587
0.43254805741966607
0.7219694188562178
0.9151338532518989
0.5575200812478834
0.5232346114147838
0.7068082236200431
0.19808062348876856
0.34692123342593173
0.36346746793580315
0.24084213101479418
0.32389005888105704
0.36662911765237555
0.15884947673160438
0.24359578110166719
0.49463559384778255
0.34216074658255285
0.4029063357702432
0.5671893807160189
0.49303282754362865
0.1366798316211493
0.11335705765826105
0.3366567828572696
0.1396147983884802
0.28091829155728587
0.43451159098137887
0.47631980053325046
0.4707695948184053
0.3673739289587651
0.8757019611764565
0.7564078356643169
0.8195855930932997
0.8212498406820886
0.7998214318610545
0.7707057589939662
0.8138373473714489
0.8606298288287888
0.82685646599074
0.8064363130423441
0.8463237895740741
0.6394671613685058
0.5776130935561108
0.8324132747843698
0.8363369436171646
0.44290469275319055
0.7751348049988736
0.7652684576951154
0.9355810054869759
0.7224721022656475
0.8170845496451797
0.6912197524213273
0.7612798482870342
0.76548602164438
0.8136070232312328
0.7454589076194132
0.4773600599866101
0.7772264417312935
0.8814672930740848
0.8445396163704619
0.7033568237689104
0.7567870173730606
0.7609322766297376
0.7922526837668107
0.7141971169871592
0.8566162103320847
0.5308427296223301
0.8539520661439826
0.7556161093599019
0.7223713769981956
0.5684825647128219
0.48297753173506164
0.7198991314486812
0.38169321029832365
0.5618722173332007
0.8590842399313422
0.8130059805576104
0.918352393260286
0.3549519304051645
0.746306340328857
0.8970125318060524
0.5758943170871844
0.34171604641135467
0.8391791832578499
0.49178927142823803
0.29415682144448524
0.5742453523545361
0.7437580430131923
0.7339128444209202
0.8163374760275477
0.6589876939532858
0.8212298642087797
0.6681714687661016
0.7021026556839186
0.8788378041591247
0.5962769129637088
0.7538424915568434
0.8536505476555897
0.8813954454084261
0.6390944116889541
0.908347107875756
0.7524869309852817
0.6609626739816156
0.5846936563798435
0.7205551079153492
0.8035993474099954
0.7884546868451352
0.24123765693379534
0.6365442258712304
0.8233895513073343
0.7745935574981616
0.8864675954650095
0.7445492790928521
0.8441190250173322
0.7450216825557255
0.7597687119615533
0.7224656892526683
0.903593578897702
0.7299172939209209
0.752464555729046
0.46386953393556635
0.7239071500925258
0.5778179422976024
0.5479614816568882
0.7955634384667422
0.4619059637970304
0.4860356323472297
0.6856194962446799
0.8548069208502306
0.77594761242551
0.8016652125921926
0.7884652761654714
0.6397334387956993
0.7746485019479507
0.6774362729227966
0.8072460765457358
0.7915682743127199
0.6540390382925477
0.7348210713123343
0.5598282961357897
0.6348505357941646
0.6019676263381408
0.7431338085343788
0.7405172173925244
0.6829008118778094
0.6618072519161496
0.49339500269871855
0.6387828378806891
0.6824195986672652
0.798327333865379
0.778806051428169
0.6253412647487434
0.701624431306644
0.6721570841602282
0.7704250375054549
0.6886894343131136
0.5189104755164002
0.5434064101485171
0.49194184972200117
0.5119783638797302
0.7005405934633502
0.704564347149225
0.7097926517425609
0.7734180002557529
0.8638065139574022
0.7783439596724933
0.8546402241579235
0.7112652190257953
0.3769495564207546
0.625273269568721
0.8362263326027445
0.5636371498044036
0.5187354569889943
0.4359466490680412
0.5690758604210335
0.6841432329070033
0.15458330903556056
0.5295207307494876
0.19552762913218852
0.49226091966098134
0.2437263490026708
0.3126269218698079
0.48997590198524466
0.05942737983327931
0.25396773381804655
0.5794627993844036
0.44608656059571844
0.2197002908015461
0.6269127078593341
0.3119381489336303
0.09691820445827912
0.08375305752309803
0.5234669591355199
0.3085685998213377
0.2816108485291957
0.3270202204438292
0.051434705149791475
0.10112715966569506
0.24064449190132595
0.14337178402668463
0.36126367933645276
0.04534090392044099
0.424647075276681
0.16544230421717396
0.6432269852041105
0.4853486884196325
0.408815858117349
0.11084023305247986
0.336285543867199
0.49936543045327875
0.24345565935876762
0.349746414601533
0.4217234888576701
0.48074988983854916
0.2001540245208347
0.6181482554395361
0.6589827977309367
0.3362275891740534
0.46672885740730186
0.1954170800725321
0.273968099841284
0.43891411090159027
0.3898915587855242
0.06139911928954808
0.29034065927204256
0.48351876354758677
0.2685652819670561
0.14691239822647553
0.1776165232567471
0.3474280037755555
0.41579994673298465
0.2961181650898411
0.4426060779075882
0.4200064997541288
0.29792973482748897
0.03246195079969521
0.08036534009450914
0.36783158752777284
0.06518900177122004
0.1462670772741417
0.23843475219372234
0.3358982024575268
0.4372970941975384
0.0898047332952357
0.3050274188559455
0.25188797041069466
0.0855870785103468
0.20854360956046916
0.15533817670211753
0.3428183414685461
0.16551859537532745
0.06767695533183535
0.2279939794114261
0.1123062439532324
0.4104130970592278
0.5159170214294307
0.0578641663115195
0.24713793597928602
0.48684830660773626
0.49915800070980454
0.5023103382475228
0.4958815576287848
0.5432269882008438
0.3068859785695731
0.3650742206525237
0.39636497393389997
0.40270482372977845
0.4030763594774914
0.15920645801764377
0.5059176445649018
0.2530218446023612
0.4915666458957061
0.39439636810260487
0.5008664436473227
0.4850664465785213
0.32409717289451667
0.03384322804675119
0.5161595362008273
0.294318864748715
0.3615883950213958
0.3556079938440119
0.4293592218116089
0.45110229341321134
0.7692197410879474
0.5912477236078992
0.3229109398850146
0.8226420717302818
0.4119901791081392
0.5297947319501395
0.13377120032527057
0.31504397069403217
0.25874996839347325
0.556583940286466
0.8624998240215203
0.3972710213055863
0.7825167084569005
0.7963320341161313
0.7113126083011146
0.6945323174145874
0.7913098860136416
0.8279627077434304
0.8821891998351471
0.9075246009656058
0.8333311092356653
0.8955887651237463
0.4919127585280556
0.601368875433891
0.6598726195768769
0.8964015103716932
0.45469124433154723
0.3556549522954786
0.24607775671423546
0.3448277503519264
0.36948823028760636
0.12145933660096475
0.2101020199941215
0.5950610280839844
0.8738576754580939
0.5490428346427852
0.18513282577154766
0.5576740923274796
0.6466066712990122
0.23739055611781187
0.31024700574425285
0.3829894515611769
0.21772085339171246
0.37436056200877565
0.09509999838705524
0.9057580870735986
0.7688032545483622
0.7872058535650455
0.20346680044755922
0.43317901768705
0.10059021587922082
0.3846761180909274
0.5918492757509469
0.16300427105089998
0.1292904670659819
0.3817586880524823
0.20141854221180241
0.8902022880294417
0.8647400634061767
0.9049033929822459
0.6051568070095557
0.29529133002876645
0.2255203608471912
0.18009765039826553
0.22635698177303848
0.6710342285657096
0.8637724331056736
0.6243594181653844
0.5489483418195805
0.1802982426822672
0.874352200875996
0.17893784321640957
0.08474489967139842
0.15518031884686773
0.21320607858440477
0.8931871608539577
0.11507065882956138
0.18717704416483721
0.18405210923233356
0.40586991641322795
0.8055782300638599
0.872902408680592
0.7624321573199314
0.8782644968075543
0.6486873745620988
0.6887274718636774
0.5097226503892864
0.6429851594436429
0.4085208479129035
0.6213852352180909
0.8604244230764415
0.9079297934426982
0.9059535946946701
0.7830769903912406
0.6796534541941825
0.5288493267004427
0.26402252543177335
0.5812884074660484
0.5136467607234835
0.6209931693344334
0.8621361379484501
0.7502918532943933
0.43056898996764026
0.599057378312301
0.5533158401874546
0.6188822019542775
0.6382001521261772
0.6220805572993677
0.4484379766067602
0.27160988097209426
0.33720278162947703
0.12185893843178724
0.4377162392194874
0.491198340465402
0.5950723548330454
0.1589588634699312
0.4670488017022791
0.21325884486078245
0.2801793771144901
0.4401720864768828
0.5500031789735512
0.4509832743935045
0.3804374695046233
0.45287658140719633
0.4969061240422749
0.48878759319392007
0.3125106768740181
0.1465837001558525
0.26171456560668854
0.527858739888391
0.5284380722997588
0.38226449498337667
0.4981873131894967
0.4834559919290237
0.6140796031562933
0.37579259207499177
0.6194705975867698
0.4323690593964169
0.3404709050170248
0.5427299903544948
0.47724935011711006
0.07551002071936878
0.4650216161475737
0.23628270987111963
0.3143621321678953
0.49316560742398957
0.1579873917147125
0.5946261441644319
0.6711002347481115
0.6169273973470931
0.8569631628119717
0.4470667774227202
0.8592394100748565
0.8539523673383788
0.9045955076172497
0.9206493779631415
0.9054334073933601
0.8155206319321879
0.8766696357000661
0.841421005130761
0.7421469882950572
0.8159846464577946
0.9006894425598064
0.5258815052118175
0.6400147735152523
0.875935023676253
0.9139281803337375
0.9184053567353514
0.9112524348707876
0.8871162679760967
0.8571594382548384
0.6840405527601962
0.8867776709971317
0.6798096331320973
0.646900345074492
0.7170943862507689
0.7005814817128456
0.8180427299711359
0.7779563826172562
0.8413966737839014
0.9118929598158821
0.8809240326325696
0.8449439116722628
0.7907124923976042
0.74046184525694
0.8733538390423059
0.6845226260307009
0.9031301053062237
0.40096110521030226
0.8748117641996105
0.8282323547782703
0.8061864495083626
0.8778241222379197
0.80583176129598
0.8256522180259583
0.8481646523576319
0.4201065035326312
0.8934478244126699
0.8393635916978622
0.8716638124635606
0.8732849240565639
0.8251555635087093
0.42147958803724356
0.880141807488856
0.8633410267215246
0.8724512213410639
0.5482074053687415
0.715969162244697
0.7921521711867043
0.8243437835132686
0.7553065641566171
0.56486718971668
0.7202411797687179
0.7910517101337627
0.3524080115958412
0.4622653493288502
0.8576325229407507
0.8451941353818654
0.668591640227463
0.8748189131000669
0.7460465122838602
0.721779525075493
0.6561495177022011
0.6718699210248673
0.6386280878336642
0.7594136747185722
0.5393162355701554
0.7228902249275326
0.683711799828779
0.6946983616132036
0.8045939524287654
0.7997518780982951
0.5673194054187435
0.5901566650861155
0.6799873381820528
0.33455323099337847
0.07103427578123211
0.40505874348954396
0.23407883489998668
0.48707322516685614
0.11163112011301064
0.3654138695295962
0.49210136760790085
0.3207413397006324
0.30345268117517077
0.37956453018445363
0.2749480144775558
0.5840205703540806
0.0900977641839333
0.5367147608298649
0.08638586871555581
0.22153141178769595
0.37770382411811404
0.5802132463294902
0.4541258763601796
0.2546800281166225
0.12711662429851367
0.1402919608623269
0.21610897585439443
0.5555262752288342
0.17540387154860057
0.199402501608852
0.09974904752349428
0.16628745390046248
0.40220350089206564
0.6978277736533263
0.6975721620643679
0.24374823899347942
0.44232751102021733
0.2853073687174164
0.19424677414416508
0.4754536969803791
0.6701765217720772
0.29081430154355614
0.08140361427870824
0.419258389028975
0.5036074076335766
0.4822287742455362
0.6712869991903819
0.5535573216806661
0.20377190212485433
0.4403261170384849
0.14997345934982625
0.22225496454194044
0.08985569025639026
0.21824526169292915
0.6011386803995628
0.20439525620398885
0.5975514200517279
0.5867116428020316
0.15244625221004146
0.5813812119554609
0.5263235189868553
0.3582781404693862
0.3920441969296295
0.24325803052252903
0.6676176257225215
0.5435353571537076
0.3188994285048835
0.12184959147044225
0.2595751838392258
0.6263409442891247
0.6204568196312138
0.28292910121835146
0.27691387514051874
0.4995555215980099
0.19264154730768715
0.4743869164641405
0.5942437322454956
0.2014977938614626
0.2928399452870092
0.34805747004953935
0.5259974816842975
0.21741274351655726
0.4980095631592026
0.5079915323891582
0.10167786653704244
0.08730907795231081
0.10161599770103491
0.5247126432879657
0.15647347894900687
0.29461050425671786
0.6410947879184171
0.1698511761670852
0.08861363212316327
0.36589324672631074
0.5592191989720241
0.6584844988037334
0.12114498547910943
0.3842898267637066
0.2087653203058534
0.24546122438195814
0.4681049299864097
0.15697452533536504
0.2837253343405288
0.05277310749006032
0.2241672990658501
0.45610620669594487
0.08890333845388895
0.6607758452470348
0.18326514247544298
0.665451491805043
0.12153398317834277
0.16362937161299063
0.2594853925491099
0.36911908630702683
0.08902255187494433
0.104834319624193
0.4793445707890204
0.5232080932610779
0.2578484965240609
0.35708427244988766
0.4162470587631954
0.10771859902508989
0.34265972638395875
0.42040206310035505
0.3210114738790669
0.12880560427057147
0.14418312927884935
0.3530206385083274
0.19251887489201652
0.46495068529499817
0.3720884014575341
0.33959684689705283
0.3449590219002975
0.7931617576214401
0.2786682801560489
0.5249193530056623
0.2036282051937645
0.8028189742539121
0.8430157412711841
0.6621856005496607
0.58453945281532
0.5224399765666025
0.7127449334516788
0.16846276770464996
0.20269235578263223
0.17595854332216435
0.901403919100296
0.8695018477714954
0.5020006031279531
0.5269168343485957
0.20324600907375429
0.29846685851706606
0.4560378272011612
0.39285744603492107
0.6108385008740086
0.9130322625449296
0.7476193610552664
0.7598092245270368
0.49727960117779313
0.8412572830756486
0.8667500188005299
0.4758939755906522
0.8768244700505143
0.8837142728521109
0.6291960433742358
0.4816487397410372
0.6039193041065682
0.46774775240019695
0.6034835185471386
0.6002714419676265
0.6777563322476767
0.17188470408634154
0.36898068450926197
0.5699511839102845
0.6782505229122487
0.38124244826617726
0.568600577999127
0.12627395845835263
0.11884384525613664
0.5662553850163181
0.3209788610974879
0.21640317125184894
0.6333922061708582
0.33012486409293135
0.36269434497201564
0.4228981956841329
0.27260073165192794
0.3525086416877443
0.10370783334029973
0.16806504264535094
0.7978442982054255
0.8935873265105755
0.6756213070281597
0.3704517924339678
0.3859093975004423
0.30742837320397326
0.5623968540809395
0.6621795032015385
0.4311338653984249
0.5563588634959777
0.28216266604586454
0.5023221829149747
0.48399080504474334
0.4926136353818685
0.9318010833811995
0.5167420403561348
0.8132006679909562
0.8301549529408657
0.8148800088158915
0.5895336409262566
0.1422865923215136
0.13224842466639264
0.3740371669385
0.3802861769906715
0.27895800099649526
0.728134823208593
0.5173942288353195
0.616319950317639
0.7543541045638308
0.8837015693071916
0.39298286109997493
0.8799125847732027
0.7666081064056
0.8668574344134493
0.6706653748168847
0.8500374016053986
0.20852400248829206
0.5784976632741176
0.8552495365265399
0.8620115816795288
0.8123426923261222
0.8983572707154558
0.85598667483426
0.8163165356228208
0.7338138902781309
0.815352418390879
0.7664843214696536
0.652496931049203
0.5311595518810345
0.09812038775127253
0.4435870078603075
0.5402872050565077
0.42194392369062583
0.5551600470818144
0.40027541916217785
0.3045109213836334
0.27787534557418014
0.5367041088655236
0.4508622175100886
0.31053576741166505
0.3783595675886182
0.38364815493149
0.503134793934258
0.6427554718738964
0.5175631607587412
0.4593679207698207
0.4275249134759089
0.28933989904450214
0.4833483115186083
0.5973421756047493
0.39020086036951873
0.6133915659932057
0.21942545684826606
0.19178880582476937
0.3958586786641689
0.32346816240796494
0.5963915240560114
0.5866062442942126
0.6297612388731398
0.621047278778576
0.5437850169728778
0.8053935208635784
0.8012041351197036
0.6050599523642627
0.3746808136098253
0.17372460279493873
0.31617129947775247
0.38294440084699066
0.5516923697627255
0.6104298204175758
0.8675695742816462
0.9029885571505489
0.7274565796852537
0.6375998757353211
0.8284115319691353
0.8529225633596015
0.1520159226920338
0.38713686278644105
0.29622361873503283
0.40301225757985903
0.4654596384507865
0.5146873493898164
0.4837822280195633
0.054655181710249245
0.6130820855575128
0.17896341061662
0.2510295206483717
0.23212075765932344
0.31065229127246013
0.45544589108316097
0.6985838409321692
0.46281269524431334
0.5348118652077599
0.5796586165532261
0.4915568002014607
0.37841354681678707
0.314889076562045
0.3557778217261281
0.41808110570633883
0.8327969234370931
0.8976746913433532
0.6361285942002887
0.2749696905120054
0.5860025007133731
0.3817996269627774
0.4694843656864531
0.47407660594098694
0.26496831917145114
0.37856330264314586
0.48642214703599573
0.5658288284032166
0.29657472604461105
0.8681766803423118
0.8958170938717434
0.8483415171406825
0.7587292503163331
0.8785319743850943
0.26290385246507453
0.9102420406679846
0.8948646141726956
0.8217385067878732
0.1575874640582065
0.5871473977774165
0.6004403391317413
0.44729716697658556
0.6216234885908619
0.3962159657063311
0.1123104252672032
0.43621260587867217
0.41433100653038596
0.296163972103004
0.6370275963983104
0.16168498852863694
0.3735746029655976
0.5715778557331963
0.24492040946684154
0.25782511719031537
0.22126943124659226
0.41951498842774587
0.37881408502433467
0.2551231168278237
0.3199730507457435
0.36114584970886265
0.4804822340561273
0.47063317276104016
0.5363510328100424
0.8852581818548254
0.86458443856745
0.7368101427647199
0.8454709479445166
0.8757759584613948
0.8557935898247323
0.7793000570156647
0.9031874669459905
0.6281635107540056
0.7135631653259409
0.8396693990295387
0.8985500938394246
0.7119069395091037
0.7690463847537413
0.8238496657160094
0.6852093334194721
0.8254156892263097
0.8242366793174563
0.8293469422348911
0.8057790220897832
0.8536070970543786
0.7969543900404409
0.5871934497104266
0.720603116297959
0.5314803379018078
0.877863501250633
0.6954638295432213
0.6270106014204739
0.6762914870192007
0.5064968479796573
0.7786061607256923
0.6796898030341741
0.6755416523011023
0.9288313001535329
0.7568518942214316
0.4242414993754374
0.5942322071228946
0.42327908415965426
0.5183711354709827
0.689357683782622
0.897249042801228
0.8333395265600091
0.7006300195364734
0.29461823953015664
0.2644097226883278
0.4932210876479379
0.2603578544124936
0.40332215715739156
0.43125644131514296
0.5888616669391664
0.2845074368657771
0.1619517304602128
0.21981189088734154
0.38552617083997415
0.2792509344451837
0.4217071500594388
0.22970676180493999
0.0813046565807091
0.4955067093217825
0.24686085837896538
0.2897464324499976
0.10048602317267886
0.603042885420572
0.3034393471750524
0.6218086007937175
0.12644588411012708
0.6452909096902819
0.25168776342951277
0.2254794381225022
0.5945024968478382
0.08639594532199348
0.20462965147113177
0.25239964394758324
0.5570876360205435
0.13106589790074732
0.4108467525108431
0.08913831738659872
0.7069292048593048
0.189527956010881
0.41030984029379625
0.5207800288297268
0.2912263043050656
0.3026042098311255
0.5378323006907665
0.14123758215480683
0.08230590884327305
0.2520979014766486
0.44347102696280816
0.26014685558004824
0.47836167338847563
0.17570812964326843
0.11961780027000274
0.31778064873825085
0.2857721105502931
0.09895341437882563
0.3646978876764354
0.1690219238125837
0.39297071676375234
0.2424117744341089
0.1769763172907738
0.18771133125480452
0.14073690412303919
0.39234313956521016
0.5606807273931151
0.41120080173375906
0.4756880598134495
0.6631832278789567
0.576747152904033
0.2594235653252807
0.2628055103792596
0.6401785488306166
0.4580582710826984
0.4790883166368064
0.5238532754677276
0.6053399236978214
0.21871768165861982
0.46092151804571413
0.12729192619890806
0.11488289136039147
0.8563621455145785
0.43295866356499785
0.6689485580358356
0.38315656963421724
0.7666275395883326
0.06963699748220663
0.3322577557684047
0.3794269970103055
0.2662011577180393
0.4465840281810266
0.907943279226914
0.8647424309824908
0.7336742999405673
0.5993029924429571
0.8765914698981041
0.792108237426318
0.765521918226362
0.7427788379227819
0.7551619822172649
0.6468920580092161
0.22587839604982807
0.5474414479744221
0.4503801793884039
0.1312620675301908
0.1889940886940513
0.4601788678610661
0.3452939311413226
0.2633507594541295
0.6384875384009551
0.30740998700408756
0.5669980621748654
0.6263447223129476
0.4811041533811322
0.4490780937289181
0.2554309001633937
0.301335226322574
0.13434324483961735
0.6005029467416869
0.3071183204110582
0.41130586504258676
0.3202563890692582
0.18411208197006007
0.2733458270868713
0.44194652169145926
0.5833807742391068
0.6899414048730536
0.8065251199730569
0.6921001054733281
0.31014756847359953
0.19839994372793165
0.22553693638526875
0.4846198242548074
0.6701985834184065
0.46757133614946483
0.42482379687932403
0.3406416758021365
0.45681905802214384
0.07290659817889183
0.06022755406170081
0.3395533748394988
0.2154263044094172
0.08736169803216784
0.8690825421470906
0.7893519896742704
0.6784245851127564
0.3798955981492208
0.5593219970765434
0.13151416021206583
0.06153588193589129
0.5597452325095985
0.7836883434168075
0.896260277977784
0.36678985704070644
0.7286665966946063
0.3866634189538863
0.8022430216078321
0.6814586681593563
0.8138121047802138
0.2473869702662983
0.6608152884335536
0.8355402353924014
0.14672792916677105
0.47151281180072246
0.6537762256898492
0.6171322474437297
0.18677150004441478
0.26599464704598313
0.27267158030817856
0.24155167678540304
0.5819667516425648
0.31290678474305633
0.24606423430189586
0.423211684651088
0.43013477020526125
0.1489899788564412
0.2638165888340884
0.19307830122928019
0.16035657041269527
0.1412323764893174
0.4119962991688644
0.13929091015309514
0.5860159661321683
0.42207160340323496
0.15702125218475524
0.07783890109285327
0.1900038478159844
0.14262409415994431
0.3267485051435216
0.23626645144077305
0.2084675117043246
0.5355722602552242
0.13889958706320227
0.6945054674453544
0.193016219648145
0.5409612851519399
0.7976686718827852
0.4747264882683846
0.9212374741113359
0.7773459406520925
0.0948730911411626
0.35912455764725887
0.3882806915982352
0.22662325255718277
0.19900634736493691
0.3663150706308344
0.2993018696242269
0.13195374191791862
0.3266118984541266
0.25052733910185077
0.7899642721555019
0.8455157396692063
0.3351004675557514
0.785333834993828
0.8605235344160825
0.678256943035361
0.6720091407734964
0.7982276054231113
0.8152907267088544
0.4988853047991536
0.5728167834332881
0.6988877082826987
0.630522470747646
0.7178960048386294
0.7629910661712214
0.6893058846899345
0.5188551624493667
0.5058712198726751
0.14665132419402263
0.6480482904759031
0.7680974483437886
0.7763413058865264
0.4554701668461902
0.7324021459593208
0.6200388369186879
0.8055734894303611
0.7559610282726691
0.6683684108416587
0.4362650962690841
0.3333911046242597
0.07348258014329404
0.1996764846201154
0.638847150510603
0.33502414863320396
0.227453323982288
0.20678861648723884
0.5019504341317191
0.4972345565987473
0.38169545334186444
0.5744829491640436
0.06166563008168731
0.41069447187692265
0.37839273620074054
0.236339308733697
0.3657493666546322
0.2892122561544772
0.40491688368155954
0.5903346703061055
0.7035599353793984
0.2279087673209866
0.23528756181212232
0.24575456640785875
0.6180769388982856
0.333479161751164
0.5258202069022571
0.28484982963116245
0.764043917919499
0.5444883445252422
0.4403490590440302
0.22947941768699368
0.4672512677866159
0.4875214607511288
0.5196187955558852
0.522721056717928
0.39808090138851004
0.13271338779500208
0.42942583336598383
0.5463882884460806
0.36297317058860656
0.09672574801164231
0.39623909203677493
0.1299383128575735
0.38237199961714763
0.3538121130703512
0.27055869176146424
0.5122454922753589
0.46075271939365336
0.48689411212120987
0.2953357952013885
0.3003569558809337
0.2980187004468391
0.4622755941279513
0.5477036352096647
0.16611951005732287
0.4461970753325311
0.2551121097627632
0.4216333261214409
0.5996739880747328
0.6119442070742481
0.441980220738615
0.6951548293136789
0.45063018431763996
0.454187116407828
0.6166512063991264
0.5480138903141931
0.4172576398446837
0.7128460290307673
0.35125447396212783
0.5535937789570023
0.49441969722626233
0.3806129728881101
0.44865085556336187
0.338289809642152
0.2557039414893393
0.6436735568849573
0.7348549199458315
0.8943508348732975
0.8913156517816289
0.8024908784796552
0.6638252379861058
0.667456461043229
0.5713054878634418
0.4614856832831339
0.546879205834535
0.6674251307548402
0.5222306984992181
0.20126403053772987
0.48089290189287404
0.6162709019719388
0.45305506838334647
0.5397114860208938
0.3239823643008778
0.2116539871721496
0.4517360245405902
0.3808370357676477
0.2758329749154933
0.5484626962118181
0.8311711363919851
0.3928345972715639
0.42190015043186657
0.29333140511456657
0.7047611437985495
0.6131226532290239
0.5985568398074307
0.7043911687499604
0.4932894511305843
0.6206971082456023
0.3039181710696922
0.5134652261916822
0.42884705840577747
0.783825244217523
0.5925346288171984
0.8466183896119206
0.810593688991569
0.7083970937506319
0.6725553855945574
0.6087660918947873
0.711922553616542
0.5605508269006386
0.7027639148240933
0.5874840546387231
0.641693050706269
0.5207481756407789
0.4605193394382965
0.42362764433993266
0.1775972725540624
0.27527802555861197
0.34358961073800515
0.39493196157898636
0.4210237524252826
0.43970381485627746
0.12261010441204889
0.5291585167115627
0.7347172835042896
0.5660871130909317
0.4593130422473311
0.30956014225994855
0.33705898746534935
0.3368723058850847
0.41205540488124043
0.40930666830265056
0.24295574293067562
0.34449662125196
0.3600741853669911
0.10494670456378084
0.2457559326175072
0.3327110015881317
0.12238462556618239
0.14156397791528372
0.1910771001120203
0.1027565844478247
0.31754834457203907
0.4378337494982513
0.36658555122448605
0.8890680730278931
0.220091426790339
0.14547261342782944
0.7300917812696663
0.5557372169011708
0.8787839687893475
0.7368915890176541
0.5781262327600979
0.5235398038845114
0.7135732031562265
0.5547132678691798
0.6486001692456773
0.7262415032955583
0.7068625586631646
0.6696056883052669
0.4433392933183072
0.5513400891854411
0.3971237295403511
0.6218842556131594
0.45529309949773783
0.5448091280996002
0.5187670173548901
0.37662639179464796
0.3303355515631787
0.3503747123048816
0.5209434943740036
0.3629464433195785
0.5314973450366403
0.5120140973212302
0.5521525732801836
0.4515423277713382
0.4792069251936991
0.18436449534951455
0.11247082720312168
0.3614054804650497
0.27431480852208656
0.22177184361025784
0.2819885937443142
0.11599785967033333
0.3743073437398744
0.3731495906176185
0.20139909985156723
0.4345803844375785
0.19626214709489392
0.18575670423870191
0.4187975968468017
0.1747933039979641
0.14260385445684992
0.04362019644349954
0.18935367806706088
0.06767188335580218
0.5420224700708858
0.26314798310598164
0.5101911242926289
0.18815266957664512
0.18070986073262327
0.138283338074809
0.35193217227052415
0.39241740232561534
0.10327453254075186
0.23443376750898873
0.2995286493420857
0.3398166516795398
0.0787873500269318
0.14566704565558114
0.48779521481955956
0.32818892581235765
0.4217286624199131
0.10519488164007544
0.3523159150376686
0.054258499895910944
0.23254388316636776
0.3242737377710488
0.43736599854170977
0.4010992323231284
0.07303526087867553
0.09466675261467046
0.44405844146305856
0.40193221589683437
0.21443213071576586
0.14420051475641577
0.08892024552642391
0.11914398743390966
0.35926042630413973
0.3508599083083052
0.29539049704194364
0.263625186161952
0.3524942831254735
0.1188664989062508
0.3276803888251218
0.37318565868380943
0.11222714938917959
0.4389374503551519
0.1095364149453104
0.4482419334583172
0.18207324112373854
0.09992182930867038
0.3425010073935898
0.3044472429739707
0.4389229731429806
0.04580871192746692
0.1668795655063112
0.23721888908400376
0.44277379331624733
0.7474569626416315
0.504092192797041
0.8269696325311273
0.8529526938176771
0.6451438379373247
0.4772108955872504
0.748064992725435
0.49944172313730717
0.8076727066927449
0.8104456057288072
0.5458443272478594
0.7380198475787129
0.3292826603601979
0.3427470756273522
0.7751461255924883
0.8741967797567081
0.752213784052544
0.4763562323823029
0.47600025356599207
0.462919024496045
0.6372684018980765
0.23792144192794748
0.5556742429976156
0.6728442447260765
0.5196932018862076
0.6582842959384976
0.7031634375422956
0.7197024131349988
0.6957271581495017
0.6265601952366648
0.7442974577743365
0.4014138075929764
0.442768040153055
0.48927974336357904
0.5177582987445317
0.4995457509348624
0.7413885214338796
0.4054576773327351
0.5583440569886426
0.6430193558945146
0.6145269778887532
0.7003517757573908
0.6456794807090936
0.15240200612060154
0.19940397522358266
0.23542253129663324
0.15392513581103287
0.14435173283706618
0.18926617121222722
0.202474687114683
0.047572048323804204
0.053804907522315856
0.27336391069063665
0.05913855853954645
0.03422296230877706
0.03212268501476629
0.12932860606467092
0.4579583003044569
0.17431705822238086
0.02199449736899367
0.07533984053455312
0.14877635052092503
0.3941221933137554
0.2530721577609308
0.4057272806377465
0.12309023896025875
0.12379337423259953
0.6280600171152353
0.2981290993390664
0.389499674761869
0.26350224857794713
0.3310167023355587
0.3287552076173866
0.385758337433954
0.04884537215924791
0.40391102648024024
0.38073382610122186
0.1526859428568307
0.3000294845320172
0.4926251044667401
0.230976563332024
0.21842567829405937
0.17865688005060573
0.6196571743502116
0.3437953616080236
0.09198372547359526
0.06731550097933574
0.1493611464258853
0.0760888616326722
0.45584812520714757
0.09061264312581727
0.48587339254921824
0.45641365920271953
0.3094256626517475
0.33133018515287566
0.4346875678497812
0.35294626602126317
0.45366049949615067
0.2802232533392089
0.2408352361683985
0.34073229714153647
0.10430541391067817
0.07064645263885166
0.1373807772474361
0.500000099404919
0.5533077141015513
0.36991143510572194
0.3642877235152005
0.3578210862778301
0.41965098615125984
0.3595591491550701
0.06362780035935013
0.07253589678799134
0.15911827920736593
0.33039203712981996
0.10410448194782049
0.2657988302103766
0.4251658361871527
0.09251977384080395
0.0410119004210237
0.25021345586790544
0.4331619287655245
0.17846593955864662
0.21735435753953714
0.4747690764419912
0.08831373569344311
0.4919666078096265
0.11590095430936624
0.13725121755962802
0.352112264059422
0.17537837079801386
0.4566261368309021
0.30946535961303817
0.5925746179764458
0.1180315029471254
0.4697890882166765
0.09289596835454852
0.056978028823715825
0.118774718263343
0.4758708826501928
0.06341242333192099
0.5153732874303171
0.045724084507612235
0.6239588463989746
0.2554110490697064
0.526152817997257
0.11036586052328395
0.3626380335767757
0.24703015490990696
0.08185823285153036
0.3266130259439403
0.15279477447282927
0.29490166717535954
0.2805941077402444
0.18081515371024096
0.41328393161825694
0.06070899037669024
0.36770515042046487
0.2665303206454588
0.03360585226340074
0.2983320243007224
0.22364697751744114
0.05719043786531696
0.0773880534648428
0.03561612371186333
0.4257369962612538
0.20158963621014492
0.15861606200007858
0.3123154809510142
0.31705371978133795
0.13866916006503693
0.2886933051047877
0.29075461131493846
0.09008411081549658
0.027037127420352143
0.016609121834273103
0.15190764129618978
0.19572518117881402
0.06243604014395303
0.24414223686500516
0.29193463245641565
0.3418664084540982
0.06867018539829638
0.35603117390972056
0.3541147052213378
0.252358728550425
0.4664597249943981
0.2644503223202717
0.416946134533431
0.08565941531965553
0.3976383981189309
0.08095650067041929
0.23204009369065978
0.46161349216211667
0.07278756914073599
0.2542318602713962
0.4364133444022206
0.3089745269193654
0.112933765878207
0.30555007198337725
0.38769789569386115
0.21857266954048235
0.2990633948991828
0.2858169385017764
0.2908615540171158
0.04109443551356306
0.46947121586847096
0.050589199683281176
0.21850169285772822
0.161871981319838
0.5002680582362745
0.07945608037038854
0.31083752753418886
0.3424570630069873
0.04693539059621563
0.7546920124670145
0.40325941993443604
0.35062778606537787
0.42254221059987
0.10060318104804397
0.39186839203802526
0.2557215133618703
0.4595872795155399
0.2900733434145229
0.1696141490647697
0.3004706276666985
0.3644534212722391
0.24710399234364383
0.3286819852177914
0.3437034740996097
0.12879566255181082
0.29360232351933574
0.4152262040940072
0.3893263267409599
0.15943958727983462
0.1149253876708624
0.2612182865569978
0.31197823936098523
0.4479675530872867
0.40746510204337055
0.0824801359317987
0.06838712262768795
0.18896713403533452
0.01908395164916595
0.2601402178224602
0.4043137480098644
0.055048443159800224
0.17730015572065955
0.1510626102150891
0.19868129060527287
0.2775833524307774
0.06810394988085589
0.32770212682791694
0.3357616806914859
0.06844916597963248
0.04184060246764628
0.2148432923891351
0.2970745658416777
0.431452771452121
0.44442590747829064
0.2713297612615542
0.1687023200648917
0.15998563180733472
0.28005030623729743
0.4287451699520864
0.12818526227894433
0.2495912339916818
0.23164627794146458
0.08477346683197977
0.20153052265499447
0.35263137107657455
0.1770841323173459
0.3974755085775667
0.2691822142007053
0.5267280497596157
0.5740206203408668
0.8799084199157603
0.5861629852452055
0.48151217302411214
0.8019008932486186
0.5359716483727364
0.5485507317424041
0.6018716654165299
0.7833822526197313
0.5400736173668862
0.44345069119908165
0.35843727500906286
0.3879793666590703
0.16580083375872687
0.34615242732640616
0.29491325036169863
0.1660548827171487
0.1835750349427058
0.23441812719089722
0.4244512955364617
0.21199557788946383
0.34291198347592694
0.3065076068495114
0.5074190029667188
0.3990338684601662
0.36341120892397116
0.3880713497841732
0.43790344890843974
0.11076572157013226
0.5134410804093397
0.8870568399172236
0.891847018198996
0.8759211637752499
0.6959528382571646
0.59547675816762
0.7653264522731877
0.5245264593291205
0.7989063761541093
0.855097022636539
0.8216336018979679
0.8063416679865257
0.515327438809728
0.6190476227485767
0.7398668326459863
0.2395056490567766
0.628113365846499
0.7139075578243653
0.8820047964662603
0.7009114811086901
0.853673682763816
0.8629892526748992
0.7379862870659216
0.8000835200954596
0.48783638586885736
0.33769442769750757
0.5611507272926654
0.7866803271222691
0.5024430242240243
0.8373951461885332
0.4600167271606093
0.5622875842462519
0.8373951461885332
0.7016528151746074
0.17083224763706675
0.592712103560123
0.4689197172164026
0.7985406118389423
0.580764916098054
0.8519085606318192
0.8665792878958939
0.602373642183309
0.6015859004332021
0.5303011226089593
0.5833512471794287
0.5586929623351793
0.7371461974437806
0.7790352370609815
0.6203942253024938
0.8277355621687404
0.7263764873679526
0.7646605019203749
0.21579287113538909
0.7013015821524848
0.5865727410951184
0.624420092244157
0.5674864674729708
0.6059223934858311
0.15086128398897217
0.2923501284125559
0.10723296111077096
0.34669053166571423
0.3824052299266186
0.3421519696217103
0.12937747448680145
0.6577410941727545
0.2981828404643255
0.17116373776303334
0.4047676232997644
0.2552782534952019
0.4083998885439987
0.27782363677023464
0.4564658043523541
0.15252920666741834
0.3206497772788918
0.1701216374727888
0.08834961449984417
0.4534405007179221
0.28760117992174755
0.08755752729866481
0.1748885796613173
0.37847352084337066
0.37657884595463165
0.2698608593010333
0.05267109753344466
0.2412923267809983
0.425387956993585
0.23986868514825113
0.07481614821943976
0.30496499048377457
0.09212910863210676
0.5431625866445284
0.41590199618288304
0.5641784068626043
0.14723838392889052
0.4359014883873568
0.6262674156054641
0.5170379950664673
0.0976132341936986
0.41107844118052134
0.1674484686234392
0.5144513507003933
0.3864770281312923
0.08866968814503984
0.18833295012840892
0.239319177371906
0.17170992908261928
0.6390207441867695
0.1837086530495467
0.46522120359232166
0.3064204760982615
0.10446242440155212
0.11770219320675526
0.09083243477556024
0.10078595979942434
0.16046243509020766
0.30705717647457786
0.4519398857879102
0.6341746805234765
0.16493841859143699
0.08744157028904583
0.40876037125568215
0.08780919775178372
0.28150915867037624
0.14783552298921576
0.5911333766962282
0.09322033157422874
0.6114776605609522
0.17449401262877484
0.4276841199286406
0.578550572548572
0.5441723006872122
0.4649915719490715
0.3323912109334461
0.24239558216003962
0.3345312118158255
0.4008202524578845
0.31034525140942687
0.31554742268579106
0.22002771967426538
0.36853428055763393
0.42019625198766575
0.537454434036731
0.4934419011296967
0.9158893985463956
0.7191724356194087
0.9192034882340314
0.3914269918388788
0.8770454918200697
0.8005958760248132
0.40074050140883943
0.5931985823352199
0.8512206181153903
0.4077268831925455
0.7689168446475736
0.5956068677990703
0.5851200860880563
0.5545289400726968
0.6737328251574303
0.5494943210576542
0.6008043378279718
0.29739483181421883
0.6588833471017485
0.404420441460922
0.08658513422713049
0.23955507615719357
0.36766112406933177
0.32945727316809137
0.35703526014880094
0.16742319121019864
0.8951494525664961
0.296135914470572
0.5078425970914173
0.28674987318061884
0.4163725214991751
0.30218172621784767
0.7627338901889312
0.878587710313217
0.5014734459348408
0.5648876752392128
0.49609598872307514
0.3205571015275016
0.7860880129406713
0.7341222140552499
0.13689149539704823
0.3376986055956859
0.17604450610765984
0.3089778670367649
0.3230494512864316
0.5882439977229769
0.583723751450181
0.6943708322455815
0.6863144217600182
0.8281408500666703
0.32608488587621054
0.09716719716946104
0.48898928211022996
0.7600564239700458
0.548893100454597
0.42655865700368445
0.2875891903389475
0.6485235141061607
0.5611319065943483
0.36621633677682225
0.32600475435955556
0.13989433944808372
0.6124936272859653
0.12174855645638527
0.4928370364595132
0.4854266955624364
0.3452995434979879
0.18533249447491426
0.45848183563795014
0.8414819125867495
0.5649745098257729
0.4098600249609677
0.5040297755265286
0.33826728685953134
0.33594915550349297
0.41225675916055143
0.1364608660628949
0.5011589761482509
0.22371949320725965
0.7532398293676812
0.7227540805620601
0.8285232905727143
0.6742027254190087
0.7099201843849618
0.765655038413952
0.7170954032098698
0.8499070900069264
0.730894890655521
0.6884543422614855
0.3955384705421174
0.6725152337495334
0.7172861743355513
0.6155859726940774
0.8250762751023578
0.7963373778276173
0.6842477147523756
0.6907440026049615
0.636423314169499
0.4453186873789863
0.6978623324860094
0.544778411518824
0.30501982915448284
0.4574430850960122
0.5109641035676529
0.09132518176771065
0.3895481479541849
0.3725715452936841
0.47197126227040426
0.11489698425376807
0.4743818125335464
0.32364041090987916
0.3141747683626521
0.4820398774968133
0.43864961420318327
0.25910615601570447
0.4553389584986271
0.30430638475812477
0.20913118074221584
0.16555781289838503
0.538112317498326
0.10000790794558506
0.3423891764717174
0.24975941659924508
0.1587352919022865
0.10452995687938531
0.5614218356624224
0.24088425517274986
0.42676502310276765
0.5975328068086324
0.5694933507399961
0.5685378077759436
0.3326492911976444
0.5505672225158198
0.1168023308998849
0.5570124589347564
0.6017099969515167
0.5168586681866421
0.5684257822731777
0.7295424582080049
0.6364878944240212
0.3022415926216161
0.6069572907787809
0.7103395470687441
0.6603922709596444
0.04508025672128879
0.5806652068805735
0.38579442982092993
0.5311693445891229
0.5801118479351115
0.6222513435856594
0.7374803078212776
0.6510887260338507
0.5875251141046534
0.5400306370043283
0.5691843479644113
0.4053036034587915
0.6065028818983483
0.5355199145291303
0.6418017600629935
0.7348964250043423
0.5137538528218755
0.6207816988340554
0.6671324414562128
0.5748690660172489
0.5488990319046029
0.48571602958714694
0.117940727874091
0.21245021791504637
0.38706353547992356
0.3237293040534549
0.3942286796783854
0.3583381895536362
0.49093940057757535
0.46090387548754114
0.11171756589193854
0.2294255766726723
0.48972488520376656
0.4165079678673977
0.2889131485477486
0.3903199448850618
0.380700911873347
0.5130351609299866
0.24805472918578939
0.09006191129539846
0.31679275070146584
0.48062824366460166
0.4394004801970908
0.5459316788073106
0.4780318372444744
0.4794714784407766
0.39014307022526884
0.4671493210739701
0.38893606232882516
0.49495177904268267
0.17114116276803407
0.37605486320677317
0.7570586808579189
0.6602693892028251
0.5440791167843605
0.5134247147269377
0.740707326485384
0.870136450051799
0.625882376999174
0.4966562677426441
0.830520057259012
0.5679401447469015
0.7146659436519938
0.3937598388045629
0.5606561550473519
0.6480505272259725
0.6457143108030858
0.5376620897830624
0.6215357866984421
0.622808571703905
0.48895855285310696
0.6002370891776462
0.7069313241238727
0.6159453952721826
0.5958111412293146
0.7613276112858373
0.7348928729749404
0.8140496139686821
0.6171024871812202
0.6821947601106921
0.5664267972529617
0.3437747818432107
0.46305527200712204
0.5207975093310905
0.4620659968265754
0.2862491071150806
0.2862491071150806
0.5176272698415263
0.5621369012709497
0.2194484677711822
0.5725249603047724
0.13102882496936474
0.4704389189605813
0.2667362612097929
0.2419836976234848
0.20898491158960675
0.23137947928568806
0.4537160094359039
0.3449167374441509
0.06447855439449636
0.22348754262164655
0.3350310557574737
0.24899711055151116
0.26578361408239215
0.10962766521994038
0.18670332227660574
0.6108262165147561
0.5650768242477159
0.21946378958675808
0.46700761683545494
0.30414961048259825
0.5728543808469403
0.5540602486767875
0.31120394131706497
0.2510938885926931
0.12554531159441573
0.3034543795852032
0.33342010155860985
0.4086212264868116
0.34765459123109743
0.5411065811668605
0.3809258227935679
0.5673770226756324
0.32908510637919103
0.5184304383564529
0.6269492504474526
0.1644175969498924
0.6305850904080775
0.3903811298576215
0.5251405875895397
0.4859294468991969
0.37118892601196546
0.5875317252269003
0.4552004884227232
0.4775778942970033
0.33964599164274273
0.3222330899156961
0.23030628050428426
0.3935122791033427
0.4873476218495711
0.3388430905694856
0.27077268908766033
0.15488154018028186
0.4616615970305747
0.48148872440354706
0.37511262234788756
0.2822549038585807
0.49967096231146557
0.6092364960411093
0.4516488640337842
0.44693855529605486
0.6279720386558367
0.7267355641187448
0.35784784915917806
0.6103164003205461
0.6201099385954214
0.6842102443392072
0.6714484896467455
0.5254574544922158
0.592156390842577
0.1401961729037947
0.5223064430883233
0.24356356209015315
0.6679468360275059
0.15781716299947657
0.5437094127192847
0.07891232107499517
0.223590114027975
0.5928027207606097
0.13684629740356558
0.546949467528107
0.32231675527954073
0.5700649005559394
0.4855023313146418
0.06657493434955647
0.41560409018598793
0.41403624145317997
0.4994165716492305
0.14968160128149238
0.467308727157546
0.47882138728083873
0.32886983631354116
0.5520906955507148
0.4052499290487588
0.14842712573550207
0.32999962789578957
0.6267819012342082
0.28080360207017563
0.43347693999572473
0.5961218146883539
0.44031977183911336
0.4918623314854028
0.6740094506380085
0.6435994024179653
0.5169396194900533
0.3139666692439744
0.212824250325107
0.5172233964984456
0.3784247775002012
0.0921191369119616
0.3610775937831254
0.5068963656184884
0.41054390312045025
0.7478979667890451
0.6676925971050292
0.4131365055679982
0.2476109481523062
0.4513522198142063
0.49904644390940334
0.050648801815228336
0.40777775707810404
0.7301326171132864
0.3036313447172239
0.6185330979236793
0.41185425155470873
0.721233910214951
0.5951827768160998
0.060368965958223636
0.3996317693136982
0.4673163563265996
0.16874210511926008
0.27480519493584493
0.07914629702034479
0.494230643909546
0.3835251650640833
0.16675155350637097
0.2887296711582791
0.4647508207829462
0.3146478997245551
0.2493064347788704
0.24448757259411705
0.06769253989849155
0.409376798348054
0.10463645772172059
0.35601748136660805
0.29267952424601207
0.6668869746272739
0.6019526905479178
0.19699907931889102
0.21789091795261703
0.16181440624008206
0.5178893299709141
0.5720724187358408
0.14334000872963126
0.15666994937751602
0.18197340737983145
0.4550665308583679
0.24779925665540375
0.3541952768207833
0.04463081928193469
0.46795839678235107
0.12411396750342216
0.37335316393000895
0.1480360481169766
0.16209974590445808
0.21228514750412839
0.3943291226433133
0.1753427266418626
0.704340925722076
0.2799545344387728
0.17520564867158142
0.42974890447983
0.1460868653928308
0.26231010970338486
0.20033656519878493
0.16986644192750783
0.4479157125356297
0.5146434290675863
0.29329779263835815
0.44222252388407296
0.5324707175524656
0.4389930341821448
0.5470267045210437
0.5370638818604788
0.29822991620510453
0.6078040730055534
0.37955475103765574
0.11459549440310328
0.13899022170382572
0.14851606243246065
0.15369502010414096
0.188042611620515
0.2762457478602999
0.4740628456437141
0.5315969330390172
0.4817298983942948
0.4948455251489816
0.47533402088043025
0.5642170157484789
0.5469688299723257
0.48182043966603505
0.18154045854874248
0.7227667610962885
0.6522886964821297
0.34981585710397445
0.4447357387069744
0.5206005346499475
0.5974710708796904
0.6292899383588193
0.5703607658912568
0.5883599802316709
0.422753883084415
0.4230700755745659
0.22430991637065203
0.39086745648060006
0.1456751841226051
0.2833461321601721
0.056375181364727786
0.37138273647818015
0.32047120994946715
0.453801224477187
0.4047016251003746
0.4336590661662456
0.672445498886042
0.3399867838189124
0.32416293046129474
0.5997509863092017
0.46469365481801495
0.1783171459407798
0.512323398742424
0.5528527236525859
0.5054244782073828
0.5068866372344049
0.286514545161643
0.4911250442997412
0.11035426759993515
0.5221971234189859
0.5099443800799807
0.17626822583994606
0.3113460342220111
0.3549770620343233
0.10130442090816447
0.3705936511660956
0.46889836573940197
0.15900331195829986
0.7301380547940948
0.6523865911277987
0.5802980013583781
0.7632016761759237
0.5680851304980741
0.4552479952746235
0.6385360276881857
0.39742190653178294
0.16893745930100432
0.30157599845526356
0.39666442233401233
0.4659767884860771
0.5898388354841093
0.4869029469870446
0.5962552627679407
0.18646384056261345
0.35569710717007774
0.16712085724496428
0.33217519018557784
0.5814281231792914
0.23398747206707493
0.6191566685266207
0.28562085382335856
0.28462917568378343
0.46256555317952364
0.6531800750243327
0.10366217925771606
0.16843590568827488
0.1879339318071044
0.44204575644480004
0.24379220882850702
0.5052098217390326
0.39445619893918904
0.5154866208557352
0.3706108009413209
0.4295083876729106
0.45779794595664963
0.38822983537479355
0.1981411207012884
0.1125863968222465
0.37424642675065556
0.5298114038684028
0.47521114132068804
0.3245199035737974
0.8625246876187739
0.4033426834810103
0.6812832220852156
0.3712088502029755
0.4238095685887885
0.555585637341693
0.7015983121237138
0.32227719854934356
0.7862265435972624
0.3373840867014582
0.5729801684748722
0.4455388426243759
0.3694593823047355
0.4322034594451597
0.7878685819312511
0.7734716574015972
0.36181326589762813
0.6173003405370321
0.4907627390624115
0.4299507475530354
0.28059768029936416
0.37104540561413685
0.4996884998553264
0.46593318866518413
0.5497227776240572
0.7176287236466073
0.5465830257066885
0.598471348017529
0.5021951082578522
0.42139091438243576
0.4401900964590239
0.527123948072532
0.37290108014322193
0.3965130540341572
0.5340661381243121
0.4718955560194795
0.38265621580707704
0.5434089381877728
0.660265891294686
0.5139079233359237
0.05984315169052525
0.13588779619837316
0.4029805269454922
0.3159960566010961
0.16775147980785576
0.20691784034604385
0.26673158496811233
0.2760470040536412
0.08731066162975668
0.6086161548050107
0.06948493744671515
0.4345841660490885
0.18612872440333528
0.2838306071407248
0.36433885851858383
0.24148945727080645
0.16307106032490318
0.4122152546441474
0.04034827248853849
0.1350928256225674
0.3828909998516076
0.36917348360250046
0.38289566898377114
0.2433129511150214
0.14040294668316336
0.19436802993915014
0.4689182773163156
0.3021858464218312
0.3482786073460419
0.4044960766460448
0.20455012215963359
0.225811927055171
0.24187885156734512
0.18422041282627677
0.32906657031287917
0.34207444082229754
0.3332969775620115
0.34198117315012194
0.4578958550495932
0.12792296265421957
0.4270109398203572
0.19677656294762097
0.40035322579592386
0.35701524249297445
0.45361224236074416
0.3595760810776123
0.2918692828837079
0.32155832904674947
0.3216210807757044
0.2940644421076989
0.24847070790333556
0.12946418708230562
0.40098303979986044
0.23847681215085248
0.4211244978758827
0.09696227200393868
0.5976615190725298
0.25780068575987286
0.2433897931526075
0.2681625891119064
0.42755288883937353
0.29342636945307216
0.340319597908861
0.32598429744831897
0.5351153923684087
0.37432878274969467
0.44977900578249597
0.7117424656981705
0.5017342173621256
0.5893746656581822
0.5483906875261924
0.26798488122296993
0.6200666146135656
0.4268725335174216
0.49911228086707105
0.6110103981833632
0.5921190631210357
0.5919571213711813
0.4046042772758165
0.2549742839760731
0.5563962502069397
0.5837449349751276
0.4588956958923202
0.5776809793776639
0.6964900410386483
0.7198533502340424
0.4853597596488248
0.49736154096268
0.566921936830871
0.6626654539266035
0.5685139281206637
0.5960027384480094
0.4325670305311449
0.5183924658914795
0.5665490023834918
0.3152330004832432
0.44858744745516005
0.13457555864125983
0.14285632738158904
0.20789687309534002
0.16922723713607887
0.10262532555115547
0.20947455736339854
0.23274600599695677
0.045402631169662394
0.20486094163343335
0.19491919673936361
0.1073384624894848
0.41498056693107477
0.1494604718836517
0.12196611886911644
0.27938892074454497
0.475477884454237
0.2909081858535139
0.14588645011867765
0.22817447240174318
0.3489038342954045
0.13339946578556042
0.1311999654870523
0.043224171517986264
0.20496999559774212
0.34226186128600955
0.3104586105674328
0.23851117023304522
0.0737646537437504
0.12478899270801579
0.4150642235776087
0.15128973344222046
0.17874845438429357
0.10034409367595643
0.1734777969873263
0.5684094452025229
0.3379122676256538
0.4286149474108749
0.32267333912977814
0.17212547532691883
0.3119630376457683
0.12821553125205373
0.2518676649087673
0.2212202878432919
0.46602702186965966
0.2502634952453433
0.3828623927801771
0.3185150944938127
0.3756664680834725
0.25989443296195347
0.33225638194935186
0.2510545596156783
0.2780799274636378
0.3575019798114544
0.21688615721669752
0.25059613712383855
0.14254382121551581
0.11916812699810604
0.07834389374730899
0.30462866434187785
0.3575174761148517
0.12143716072323818
0.13283937884378844
0.3726967564424977
0.5981826169973483
0.4351913977238149
0.08053403359919598
0.3814144252087769
0.3260453790714399
0.15630053259477447
0.18280525004171627
0.23535367775830188
0.5881177208436761
0.24302118501742206
0.3122152859409521
0.3812559248570561
0.35678813091570877
0.22777526286219565
0.41378424721865403
0.3596151502289688
0.21555678846639315
0.09339742924832942
0.37414681960474017
0.129290270714887
0.39841396569118426
0.4009977637103006
0.13514170435453104
0.2292117429404668
0.2309922453403755
0.3240655852506295
0.3325351250171858
0.3849758013342665
0.04883346761055859
0.35832943018563135
0.13219397665722182
0.26239461309276146
0.06449012737491204
0.3404600608678243
0.2156591766355691
0.06769464496360647
0.09934289270028666
0.3720724994323712
0.4544267285211429
0.3474383499574171
0.2034436879651361
0.09333734835119258
0.10414269446801126
0.41442627108351765
0.3819286833348252
0.07531365811553982
0.10375627052414761
0.46920278674387816
0.16428500594282053
0.09063948630071324
0.19597673195582807
0.411635763007205
0.26511908806879886
0.14236392194582645
0.41143989183147717
0.142562768260171
0.20229072131284034
0.1559627960470465
0.3335136181411582
0.23869924854822064
0.10684474932658299
0.09625100627669413
0.11285073268159031
0.051763339241500964
0.13667253050570086
0.3861401243640132
0.1256450222696366
0.04533658894295015
0.36755622501584345
0.29854644242047307
0.1675123957106781
0.2199077590210127
0.33715682415374165
0.32856963786524224
0.37395640984056105
0.06459178479666595
0.21744186703146384
0.38726811068004263
0.3819625287794962
0.418299880852009
0.3563278004771082
0.2750372839961044
0.06067318632927867
0.060266182908672965
0.22211720704002955
0.12479384075965091
0.3831645793963629
0.11054947964184969
0.0998665237819097
0.20745555271335056
0.3137869057474045
