0.3723668926916928
0.5365727958310723
0.5998974446302858
0.7880282688700603
0.4696911463536768
0.8339015819318011
0.7961595087282419
0.4612813261919213
0.8352299326089468
0.8084613345581885
0.8484122803095814
0.8154234503063359
0.6122033652221265
0.6681096495056956
0.8439756938298271
0.8424147558190059
0.4707444447912913
0.7978449434262179
0.7502924751908738
0.6729163990529847
0.6477011255647226
0.8077830654767263
0.4035257966716635
0.5415523958156159
0.92606947728269
0.8365788604650948
0.3553787398436971
0.687291986505611
0.5238701924369303
0.26439118304382586
0.8365677069479905
0.8149109213014202
0.7326361142311842
0.8936062385353961
0.8561647969372658
0.1298031373035938
0.5832379404498871
0.9163190575689006
0.4628641894609354
0.11972535037791243
0.25846573016021407
0.3419810900705637
0.7188545462150836
0.6078920645740071
0.7892289984555483
0.5009029514136532
0.6355572132154391
0.5991695390235328
0.11584161153118447
0.23416698626198304
0.1212785791920771
0.4837951611691174
0.14890680314744353
0.3553712546578321
0.3390627116706739
0.4313089037148103
0.2680949581370954
0.17510315410002938
0.4019921796106061
0.44692884699338503
0.22598913614583657
0.6046102780809987
0.7305198871568762
0.8287584754157272
0.42496924995965885
0.7726392626409034
0.760651515963822
0.3594180319278887
0.8705531705765686
0.8676378964681654
0.5860700662950539
0.556145142440197
0.592641056516865
0.6762478734100319
0.8252003618234361
0.8688103363881405
0.506576520613928
0.5319108177988197
0.6346516687656777
0.9138220279650616
0.5041321877648631
0.43206738520885823
0.7925584391802015
0.9133124127641954
0.5910117805932666
0.6127138273051176
0.740090087041907
0.19469002301789354
0.39844499361039243
0.3599077110279905
0.3008890881389742
0.3158602366864735
0.4454917848252072
0.14494482319857632
0.16981015517124368
0.5233920411298605
0.2979355660054656
0.3723496517540879
0.5723355166743616
0.540789253033081
0.05647751269543224
0.08846691684701252
0.3750229463727335
0.13984051629887212
0.3225852745605163
0.44957999420369693
0.39172433695549613
0.4906551560883819
0.3777328444857833
0.7781470032840545
0.7812838126050797
0.8142079004190425
0.7312367756639406
0.7525571764668834
0.7077038415894078
0.8531687770550206
0.8674590458806656
0.8421651977319027
0.7733223358384913
0.8532062469814046
0.5750883598568749
0.5394073928970685
0.8565929447118193
0.861831050046709
0.3828771813903648
0.7747861480085945
0.7079554931373779
0.8868715199363664
0.757212093392497
0.8180002967202387
0.6464943200668394
0.7312392133408723
0.7354097509857037
0.7967271567023678
0.7587669639192706
0.5044797863867062
0.7341665289139031
0.8125771603085077
0.7420219651947413
0.6092218654691822
0.6809828938393108
0.692241669982386
0.8052233707613166
0.6681308202568431
0.8592554379582954
0.4672639449931427
0.8760351323732253
0.781767810600242
0.7216833090965376
0.5066814614767814
0.38914439208955764
0.7371661017527258
0.29424102613420483
0.5850674141659366
0.8645275944501
0.8176626293898401
0.9196017221145197
0.3238571367787216
0.7392294448371302
0.8918680515226347
0.6214798729907138
0.29540482810475804
0.8049354457389901
0.49879945579308493
0.30098456395317646
0.6374211146281236
0.7948158505929951
0.7691579233432543
0.7989770297345603
0.5265516294173674
0.8118811804914008
0.7010820285727386
0.6957299530041127
0.890736375036066
0.6232464662583587
0.7491276098542257
0.8410406175955292
0.8938385006832231
0.5646430736827209
0.9194110087714898
0.7505578539786594
0.6262853226761766
0.5962232881803387
0.6937353448890812
0.8415827963449259
0.7798354744431519
0.2824717297621055
0.5842598109286989
0.8485318068043695
0.7770530568892742
0.8491092769437051
0.7083970578201295
0.8458426365849862
0.7484446380002091
0.7577859883484441
0.7205557063899665
0.8975583110232033
0.7410667296152862
0.6702261838759637
0.5264089506755243
0.697676810470346
0.4932743794172749
0.48841919030228187
0.750608583053916
0.4680983716327853
0.47544932197757905
0.6630223646064881
0.8620101467730061
0.6928499349465473
0.7974450773701511
0.7533373652832109
0.581612967605368
0.8118788297448534
0.7655980250306661
0.7749555695320105
0.7106707294607704
0.6552710746266218
0.7421469374506133
0.5487727982313702
0.6108781251828769
0.5127027180957242
0.6866558689123354
0.6006541227143198
0.6744340590713384
0.595819017021757
0.4684138645241657
0.5841272169531168
0.6078903495539111
0.7378641025542325
0.7261521409866887
0.6375486129167773
0.6722951374440562
0.6116055431732444
0.7261776645953808
0.6851828655855889
0.5837611065646048
0.5411460098132331
0.46619258947355924
0.524081874643794
0.6515933364358891
0.665563068317532
0.6483845747156001
0.7491843071530367
0.8252273970556189
0.7022089419737035
0.8228730819578993
0.577920362210766
0.31307094018270937
0.59992812575269
0.8149706990275022
0.5646796710882369
0.5238922720539375
0.48441283173377
0.5302821103533434
0.6847617755667266
0.14813623094710685
0.5335315751618448
0.19672010957960917
0.49247724101632184
0.20467331924538068
0.3825885799394165
0.5456400475854756
0.049904738765069206
0.2291301009487488
0.5761612800514885
0.4572317340392636
0.20246040063631895
0.6096749016526658
0.4023126816601607
0.09481995599666705
0.062324654006562806
0.5827713987179965
0.2956732783894607
0.3767218737646689
0.3492602425216813
0.06806627184938653
0.10496516344772043
0.254857540125027
0.1974650271254641
0.32835198165365037
0.052487332072525886
0.47087382518615534
0.13808316310289367
0.6538253759775421
0.48433003613558484
0.39773080163490304
0.09867568668478043
0.3214561105056799
0.41983492814722995
0.2546243839146856
0.4085279255099922
0.4335138002122864
0.4788699722837975
0.19023951256468014
0.6249782984608012
0.6248960481007294
0.2793598379463547
0.4971018490338888
0.18149004783425468
0.21232433706751597
0.44145696644335886
0.3641475485855636
0.04980467754537166
0.2972878147119949
0.4649474336285862
0.27155774720871095
0.15533329235957583
0.17548890189689015
0.38744053572275
0.4543346487273352
0.2842017444136912
0.3553328132723542
0.46475095123036636
0.2595394642454796
0.01957462714999386
0.07584915847065063
0.31837153688639813
0.04941515866678343
0.13888487500539967
0.25777198476950614
0.3741884599570368
0.43950822790757926
0.07139126530511725
0.3242052102766404
0.2323350840999817
0.08263768123077135
0.2322809679895635
0.10277024296047244
0.3713417936018297
0.18735973726885563
0.06264995939274896
0.2806087342302364
0.1649703864777992
0.4519403527130601
0.5886934264384599
0.058703028665521746
0.21947749726840077
0.47238637457578847
0.5100934522514693
0.5119126367827647
0.49694978031388926
0.5510196200108152
0.32679473440853946
0.376925497067976
0.3596147348918939
0.42455431273697064
0.4817918822302108
0.13654376011524574
0.43455659238441563
0.3255311738639256
0.4978907304078291
0.44881884066055333
0.5006595020235397
0.4899430590567043
0.3479895568236325
0.03329015578767128
0.488760700044037
0.28808584336632337
0.26902689195605195
0.3862281137560612
0.40674469589584517
0.4121096655665476
0.6728106599213723
0.48979166182479944
0.3111525689413355
0.8013724282215009
0.4129258759600164
0.6935222225769897
0.538383437655229
0.11732868852286504
0.2903391345842417
0.25047143512758235
0.5510073430820002
0.8255744674531883
0.4719987632773649
0.8108340533920892
0.7691391018798763
0.6977572892780423
0.7606818370671307
0.7107528679181185
0.860981985952985
0.8909495474971545
0.9003585867670966
0.8465490910619707
0.9051652964106878
0.5187096738862326
0.5950863682465243
0.6292887110044484
0.9152126623449895
0.44600218596829916
0.27943350719584076
0.27730367168307585
0.530795402530165
0.3678478781536106
0.3801879587750293
0.09550616847019414
0.20196651292951567
0.6077283332714855
0.8485043426018969
0.593052269373067
0.16157588719215313
0.5048151280732814
0.6043599413531953
0.3174097124014242
0.3247769302418476
0.4523537881850065
0.22139960658072783
0.39390659145233514
0.09817380917236457
0.9089455718810863
0.7768435007322351
0.7804158177025301
0.20672638705260557
0.3876650865966318
0.06541617323924545
0.3826672772497084
0.626664831799027
0.15136560350563752
0.11099943054708637
0.46712599933152354
0.20269074077969387
0.8645571587880233
0.8267715996444265
0.8947084244640902
0.5968155946465942
0.28792026987434366
0.19883833856371716
0.07026140892691406
0.20762325037497184
0.6569406147723087
0.8485197977337504
0.52546394384092
0.5415497182408703
0.16884648457945967
0.8625419897359509
0.17802567283933604
0.10611319052637373
0.11307291677629228
0.2075047442282472
0.8747799609133042
0.05076678630309503
0.17070945912063878
0.1787063294443235
0.4071623848216123
0.7504521141647695
0.8652272982282398
0.8148269402453168
0.8654413318170546
0.617387917160356
0.6822635303237611
0.5049442936030656
0.74735004615517
0.4749748387880658
0.6480095996390535
0.816726411127571
0.9104167062069297
0.8993170671557174
0.7360588621780113
0.6953654218854455
0.5731938766335449
0.2991642587384968
0.5424092546690299
0.6041291806340364
0.6326860737818539
0.8869202559195036
0.7557847042693666
0.5303505994175833
0.5323347711680894
0.6512470036188994
0.6282671719243108
0.6058724311887203
0.7528833228373423
0.39491544549429064
0.3344722726154962
0.3173832204529956
0.10514760492178739
0.3736308287513893
0.3955159715536407
0.5729619239177682
0.16272877211916223
0.48475782094159403
0.16736380056374325
0.2804201620903795
0.47105164480605516
0.4955595517325911
0.4470842360850533
0.37305931870495035
0.49767622380968224
0.4943370308965829
0.48665480992272225
0.30899460324807454
0.17485155146949274
0.25989117153788993
0.4616563542745123
0.5069855837978456
0.39988501668856796
0.40037904201649255
0.45743816946258126
0.5853799505082868
0.41895434471947
0.7251144419295661
0.4070083058964852
0.3888468451801167
0.4562317912450865
0.465087311990743
0.08058942113374266
0.40931975589575126
0.24544193580927506
0.2633995056431778
0.5025161333794398
0.1870283748444176
0.5684820427139189
0.6204427302446758
0.6742506944656368
0.8736375460112743
0.4590933721818296
0.8681283103619227
0.8446689540289841
0.8960525454037183
0.9037514055080917
0.9043366473453002
0.83844085714774
0.870150769421982
0.8421530390351323
0.8102650549925406
0.821751622417482
0.906338945391434
0.513240695193888
0.6341830502603454
0.8619942830715119
0.89968144742514
0.9089901855424052
0.8901660384300102
0.9067839232489378
0.846786196410027
0.5997422926462395
0.8554875509753936
0.6745926587446018
0.6943826240562301
0.7629909361551304
0.7259377134762914
0.871186048081446
0.8004465884597629
0.8362298471280188
0.8873314679376904
0.8922165845729313
0.8807108208430909
0.8283600994936056
0.669947158785963
0.8915876413429683
0.6678534706576637
0.8917400846102349
0.38762826085799273
0.8607057307816115
0.8201501580666981
0.7951691234398156
0.8947581221589639
0.7631619424614914
0.8504727724985293
0.8404055904417153
0.3563053129511722
0.8710388169598864
0.8467540844526285
0.8916936118503986
0.8946949946227616
0.8694571956855538
0.3937705525596062
0.8752915944479748
0.8897971528788998
0.8800524530399495
0.5135031393583874
0.7446542915597991
0.7758066107278038
0.8235778026210474
0.7363211530610192
0.5377430681501632
0.6599033114728226
0.810488954811821
0.31696382787102295
0.5493765517672049
0.8851491854352771
0.8362986566108369
0.6147651614977526
0.894295738527505
0.7264508786674267
0.6916567829553406
0.6490752057666962
0.643792855802737
0.5976559166260368
0.735216653252125
0.5157193338305173
0.6498480652825736
0.6649025331596801
0.6197924409501624
0.7907129088457283
0.8396890621504548
0.5880323528401787
0.5485575113400268
0.6431990504661188
0.2996191582602269
0.05558744795584583
0.352434220473065
0.2296149303561397
0.5147142774419268
0.10076548240854077
0.31501980219084674
0.5008141074141207
0.31334114876746944
0.33891603651151897
0.3865862435171253
0.28243290542152993
0.5792353794728681
0.08957778987402604
0.5371234562274523
0.07833445619852927
0.21238179208572866
0.4063726059177268
0.5662634482151172
0.5012669962457871
0.26406295924199413
0.12734287451038173
0.11540514920949478
0.2546655357514969
0.5502777793382848
0.16736213802588806
0.19270470375730184
0.1181538238488236
0.12038333320834714
0.4348279002910103
0.6949620775576487
0.6876360433750652
0.24664028300180058
0.4376679244517732
0.3280265634541956
0.19070635843730524
0.48386897960876346
0.7041460493053929
0.2824191540912366
0.07505209918621196
0.2440345201894461
0.455943879472105
0.5254075354081023
0.6196929440686264
0.5581986644701931
0.18974378618217194
0.46057964927486755
0.11675044728010724
0.20420060289902817
0.08626871371484741
0.2507467587552308
0.5996332776012877
0.20335344577015663
0.4968364986508763
0.5445448251206598
0.16451202691739708
0.6307884417639412
0.5302469695011935
0.3589319473919914
0.3702164794933141
0.28161567098421925
0.6152538824841236
0.5954498462860752
0.3560697081602993
0.11597162188752999
0.25253258727272265
0.6152473712403147
0.6194061730519402
0.2966262631223285
0.2626051017614774
0.5282723693958069
0.18759611393951697
0.4692834166467439
0.5163371016720699
0.25909367707577224
0.282254008118543
0.3689538067874112
0.5125553737719916
0.1976025857088582
0.5331733398162671
0.5496381985566157
0.09915450373327751
0.07602292017173642
0.10535785720675522
0.5911125815708568
0.13798843903100816
0.29459526837229794
0.6112676563031627
0.15789706632959255
0.07392610546192506
0.35952855041458553
0.5604569169447717
0.6554421927691935
0.13920365312230157
0.32873193869205575
0.1985870384445383
0.30185704053791645
0.49715786769210285
0.15963101925664325
0.27264464398596416
0.051077388206048846
0.24068061708782434
0.4463902461976356
0.07899955952193702
0.6364849869572968
0.15513908110237276
0.6868093143177061
0.11656706472489023
0.15167422048809326
0.23320624113872912
0.36935913647002444
0.09622160259756259
0.1275302970549083
0.48233905649050046
0.5476919068020997
0.27708552201169595
0.38216019187524086
0.3954699327001405
0.10092591008286907
0.2935164481641916
0.48009903033669127
0.2592565579991913
0.0885472240926147
0.13287410595887755
0.35990753500861206
0.1899810297442094
0.4480022126295859
0.37402049280882954
0.2962654835012415
0.26815332285126425
0.8380760734660648
0.2889706051424629
0.5706317672615212
0.2947461167471834
0.7399777980757343
0.844259066484846
0.6178734385182526
0.5383038092982769
0.5509192292054249
0.6673751936074598
0.14486667997049296
0.21669204337209338
0.17017123486075333
0.9095868797982927
0.8566511163680097
0.5563769022394823
0.5052677605288394
0.16988134253240636
0.3620501439932872
0.517919885493032
0.38902856830061644
0.6830448829462402
0.8913533634179432
0.8089884645405061
0.7811315808031567
0.4362108700294949
0.8252623735859146
0.7783865434436051
0.4606973697698745
0.8959658081432424
0.8908392139359189
0.6527136155212938
0.5741688604242535
0.603552395157164
0.5051389827599856
0.6153094881727262
0.5798983826671459
0.6198585999292063
0.15376226176325053
0.33093471646057976
0.5339149039023457
0.6549012695724814
0.41624880675041376
0.5667779668969181
0.11007490974203803
0.08475128638485889
0.546123440053369
0.3556914926963506
0.16007122163932488
0.5761117452174254
0.3232706620325207
0.3626278407504586
0.3439629988142555
0.26643336195452727
0.30812698780781966
0.1092885603327609
0.16095816842277377
0.756779833144483
0.8976655705775671
0.7494867594324812
0.4049484680860843
0.4145178759496982
0.3168265355642255
0.559004784773375
0.6608623316187008
0.5374837704217907
0.5123495911934555
0.2374766314437573
0.4862504861620208
0.4546387730664009
0.518176959002521
0.9223517191987628
0.505445770411833
0.7777780028244841
0.7886001871891927
0.8007545595557742
0.6331569689638304
0.17342254242861613
0.09323311920085858
0.3256418959170207
0.3142931438845292
0.31164145058081777
0.5418763347761979
0.5342969082350635
0.5994339722626707
0.714247733970436
0.8905637889376192
0.40521452885286297
0.831461711530173
0.6817665082475549
0.8575849941985817
0.6478931031771596
0.8443219369399476
0.17515963424797196
0.5195125276802597
0.8536151122115613
0.8542373179126393
0.7929378745173783
0.8544834824142489
0.834616904143049
0.8195303256964546
0.6528537460409288
0.7098495885740399
0.779262362903639
0.6410172292409327
0.5420705027963294
0.07451183630321427
0.5140008941159403
0.49743855008657284
0.4364801307043137
0.5413126172770212
0.4260280889521532
0.2702556593607711
0.33137307727008625
0.5034848184648464
0.4018335742128658
0.2833312552617176
0.3495758871299427
0.41143261624633704
0.521216638823998
0.5795950877463689
0.503270961015114
0.5117245682424892
0.4075470142113441
0.24583637012435183
0.4825527185188525
0.5725813190888549
0.44914506644623897
0.626128325488335
0.25991888515091366
0.22843442751886792
0.4156955887865119
0.33821021316130795
0.5470651527933282
0.6107327274754495
0.6302902715406125
0.6201144291363864
0.5231192306372591
0.8312814570191386
0.8018479153050541
0.709735113304057
0.43217586169062167
0.15540345690643734
0.3056181604493668
0.35328003472240754
0.6476903181827377
0.6206671957461033
0.8492396138260844
0.8490537424703408
0.6574112927093251
0.6138700559254352
0.8214243803742839
0.8300344729085057
0.12094531145160355
0.3012256302623685
0.2778661104103238
0.43267051877025653
0.45409608537572005
0.5138238945630855
0.45451302854440867
0.06407209318209091
0.5898511018345524
0.19095002880738082
0.20613009546415217
0.25161873166295307
0.36659120074236856
0.4830005905536397
0.6373324554568547
0.43940225401548544
0.5341128260046616
0.632733003683414
0.5532123404310986
0.3852573029942299
0.2571413595185607
0.37615340743862624
0.4362170472255277
0.8451421141280615
0.8934107690423396
0.6326225332773469
0.23993663422515144
0.5709914910251166
0.44687048037034416
0.45206175449504216
0.47363303599314066
0.2430782429583849
0.38419005326282163
0.5347130119224842
0.5407176514201267
0.29035574327490815
0.7362749321512355
0.8534648204092337
0.8837985776840379
0.8287830610244297
0.7806494856272408
0.8549875329859155
0.30511960946200983
0.9061279603406955
0.8850738728096501
0.8013835551787567
0.18030514255135152
0.5666622363939131
0.6232389853769814
0.49376492591580534
0.603474674919086
0.42757925752655057
0.11300786006776023
0.46754123382747953
0.4314123623456191
0.2918545203983885
0.6310349788762059
0.1513870194179832
0.3729636127904487
0.5243008652051786
0.2805874038288377
0.2521522434866592
0.2992542342724591
0.366563008659094
0.39324433813337295
0.24749791162878118
0.31366982583859204
0.38598907607732696
0.47467636102619976
0.48264369905309756
0.5292118098128255
0.8694071702592293
0.8626894952507329
0.6933766070682976
0.8452757684462038
0.8991016520099593
0.8927226807830558
0.8166399878444528
0.9177468683085827
0.681779217645948
0.6879844945930644
0.8333375161144579
0.8915554909483814
0.632848902325469
0.8339481954622949
0.7587213155500335
0.6904188813835711
0.8286633456380256
0.8127750324075894
0.6861185545421431
0.8170585810694253
0.8536216237791213
0.7900648403447057
0.5443590606937557
0.6737631282782992
0.504849864462503
0.7838987370436358
0.6552299764623987
0.6186228098855001
0.6363760433122607
0.4506211830019925
0.8278203819135368
0.6628124719383658
0.682821080242301
0.9378358577217415
0.7057321227218881
0.40650102666718263
0.529062147919082
0.40525688293171835
0.5243274914873013
0.6599314165977647
0.9111724579921558
0.8128654035819717
0.6768615854624118
0.2665439006211187
0.2883313739776774
0.547148560789528
0.26614686233749624
0.40508617634733457
0.40847046247717206
0.6411414678697852
0.2587278858290761
0.17251799959189779
0.27175094594020655
0.3617984063926006
0.29710751568180094
0.4166591247439441
0.23129138958794532
0.05437862045901124
0.5159429721957406
0.20560425778734934
0.33280683324286064
0.08441893408508913
0.622724799763123
0.30579814890361595
0.5811568882696001
0.14772074324110238
0.6323808971463323
0.2374926718284801
0.28657061884530133
0.5955783723492302
0.09467914298526796
0.233996222511031
0.19159512249297522
0.558436578580899
0.08407139170306353
0.3941337531913854
0.07291793767097733
0.7322235559502857
0.17647978083652385
0.4453991611538508
0.544138784915253
0.2898632752168066
0.2651628482289045
0.5155754544310038
0.0958103324813744
0.07194636207143285
0.2611350343806896
0.430080936698423
0.30265217404437006
0.5552854228890836
0.19916001885002269
0.12065792452139239
0.26117729695222763
0.2648816007451837
0.08799157244037004
0.38799556983118283
0.1751969762281806
0.4247946351734527
0.26628307671756896
0.17954245864698834
0.22318663679405246
0.15666644168552427
0.42701017491737614
0.5202983092093786
0.49311489236134165
0.4636352575088628
0.6784458184454057
0.4747643638606173
0.2925126666841051
0.25884288331911903
0.704548172106161
0.4719906652564992
0.4502345901428253
0.6112308704558203
0.5938837340484371
0.18292234811739236
0.46716223049613426
0.0987948058404641
0.10837195148547282
0.5328989525625668
0.8477200135038976
0.3918447131019629
0.6926702896026843
0.4151603489743019
0.7017005214167815
0.08032144453736438
0.3107317502941191
0.3401071990108888
0.24994059240945665
0.4131133283736253
0.8115080263182447
0.8527935005420278
0.7279287593533925
0.6098425808209634
0.8748705752878493
0.790263358360791
0.7689425900828027
0.7285665372324536
0.7198028346321256
0.6861872947761684
0.19684434615437002
0.49846201098271886
0.4749626917245043
0.0954227995653197
0.12006293681552108
0.4964123677640042
0.36999834838048007
0.28323535695698804
0.6630827044944553
0.22171257564729102
0.5638959582870572
0.6506833772117542
0.5264652879574737
0.4998680224323031
0.23686565882029215
0.31481296316736274
0.13150405782545732
0.6395469447634494
0.22490867824824995
0.36879816641536667
0.3268798708281092
0.15507814912346315
0.20806774228430597
0.5047145518997074
0.6233392836607384
0.7248782324707305
0.8614443997237252
0.6515111639536005
0.3142870628637232
0.18995927190456002
0.1961341622916323
0.5432574043335212
0.638577209469956
0.4487061032677645
0.41039674259281717
0.23033270942202713
0.4798384728065995
0.049156534272186775
0.04456071989640096
0.31664395177392496
0.05409259359608247
0.11086087974869308
0.892051231704185
0.7568664178957238
0.6010246311969275
0.19532224751654495
0.5222741435508144
0.1444580760234077
0.06328985192055951
0.5643810252109683
0.7771240005434301
0.8855386531737
0.19572940164539623
0.7553550290562555
0.34933475918669016
0.810266137591201
0.5857696960790025
0.8233516261403826
0.19007326586601445
0.7365759084004179
0.8306928473025043
0.15433098609728366
0.43340442648199207
0.61370336483111
0.6314962320033227
0.16766868883054314
0.1670373264498383
0.2670577361893635
0.22774183032315498
0.5875324852151816
0.37716362392872893
0.24925148669973496
0.42426226698299374
0.43832187727556204
0.1880904445664364
0.2135736967732834
0.14313038835117378
0.13292263851194458
0.18089013214866173
0.4460976610218474
0.12636873069452922
0.5472667834500946
0.41882703584712083
0.16096237594098553
0.089979199393059
0.18644112829246254
0.08995044992589346
0.3215266887156714
0.22223214848921224
0.19113222240681696
0.5654335589235363
0.10731500430842339
0.6459202417288977
0.17944765239586366
0.6344390212103342
0.8173252524121932
0.5454663939965425
0.9395979850003234
0.8074082967225713
0.07535050339822544
0.3285190287258589
0.37316242299177876
0.17995397820229922
0.21255459772316604
0.3206911404556671
0.2837744898938232
0.11016954394099764
0.2895540815060609
0.28711711849278376
0.7851885445630176
0.8201377071468183
0.311266197251006
0.7730621812556072
0.8408680282219904
0.7145279867348878
0.7177612326276456
0.828486411649318
0.8381420985955981
0.5268540312079936
0.5461306430254148
0.6168977472655334
0.5420664572416077
0.7155798223993138
0.7518422786503123
0.6852989858355969
0.5003779561084749
0.4980898870473599
0.10128401625063296
0.598740586250558
0.7866695618069777
0.8335721352662717
0.4956564487905238
0.733124187075543
0.6568540153277859
0.7980913585918478
0.657665940721762
0.7272233294266306
0.4140987534757742
0.3977574192993874
0.07899566999198127
0.16688106793477733
0.6897652726892634
0.3384112613810621
0.21236220810996917
0.19149808731421403
0.45637023366833224
0.5012153862744986
0.39569469663891677
0.554839316591192
0.06417809655833617
0.39795304287286065
0.46797945427493565
0.2136647346668826
0.3460184071269154
0.2687433519472885
0.36772466620615246
0.5799401119031307
0.6387531199966957
0.25371172770742784
0.2040599976691177
0.24165035921780847
0.57424103168038
0.36457703054348806
0.45878080213844574
0.2931391882176552
0.8127855291617914
0.5842191986760086
0.429197281674997
0.2204011089533688
0.48774426845223673
0.5088787990920117
0.530703426260011
0.4684777393239525
0.349030127396438
0.12114619704433423
0.4177691718942589
0.5048296486688447
0.30916215530598323
0.09003573472649054
0.41449188646391244
0.15529737007146913
0.36930464057720974
0.3202904722447525
0.2615257192835134
0.5416418121960141
0.45118676842648464
0.49551282696373755
0.3438476688722464
0.22575661198080463
0.3094948575962028
0.4736152384102762
0.4748493508216883
0.13662003477137186
0.4903807360408455
0.22966844784351836
0.42414328494546605
0.5604660163933793
0.545635114308412
0.36871320020395837
0.6818536158630086
0.46549289756894197
0.5259695437182074
0.6367723198787395
0.5423446000832671
0.44581566609026346
0.6037514578363734
0.33196268478929636
0.4943909176348767
0.5166593450639999
0.22839831815119474
0.40236210151500945
0.372049053418484
0.2523372841042292
0.6491571110932169
0.6990475497899961
0.8920838446404371
0.8842252349792454
0.8025580174136394
0.6913315310309008
0.7370407033189258
0.516456013693354
0.42414159651255107
0.3662031783373712
0.6546117016875881
0.5118876042196842
0.2073809759617139
0.4837049149539299
0.6258184513715341
0.44233508869684446
0.528899705035996
0.3365889602391189
0.22107745558437153
0.36453848426334584
0.2957996204505053
0.29989272967046665
0.5013488495523561
0.8251290274645382
0.39403258680660397
0.43641549710237904
0.2144922907787664
0.6862065643104921
0.5587097763632766
0.6362218567062792
0.7422630284711371
0.5306573978434538
0.613487983050313
0.2595870594257243
0.5474170080277343
0.475902940758755
0.7797571125841372
0.5747357926943836
0.8574465977154403
0.8288297767372406
0.6721036876365997
0.6366143681760492
0.6562394388076325
0.6509663117933422
0.5658834928525692
0.6881123789625814
0.6018977940704587
0.6291769663029553
0.48050375081780133
0.48005457594541795
0.4247850629388393
0.13809975675873268
0.1992813109246148
0.2634479102566421
0.37318021572649973
0.3257897910216775
0.41075797638258055
0.10868007206582421
0.5376075520721316
0.7590032822506668
0.45880560097528533
0.45303371634781997
0.29553018609215576
0.29042424858648225
0.31073622874488016
0.40887224925621163
0.4122485172852827
0.2171838485054413
0.23637632635955574
0.27008202565569767
0.09010195532454832
0.2778592236272768
0.237468345249491
0.07251214835864828
0.11631654788803257
0.15425932085182406
0.088549451309763
0.3351852684913422
0.40362263450160235
0.3039218147779113
0.906550155175092
0.23693325613072166
0.10406116896831809
0.7003694499216007
0.5840942912484682
0.8833007731511524
0.7098602862539838
0.6189512664822927
0.5363775009292205
0.7501861170630248
0.5645492479478785
0.7712198422966455
0.7288106538170783
0.7670754258146287
0.7850515315759446
0.4749725752953266
0.5845730059486364
0.4512160310185077
0.7282235692738125
0.48991535650913187
0.5246358952823688
0.5441954786058768
0.38812413846017274
0.38523737793344187
0.37693552953123827
0.6070158267261356
0.2855834577782779
0.5141930827912919
0.4865268095415364
0.6456215212444263
0.47779101648146827
0.5343758032333703
0.2017926401586053
0.08932169235712328
0.36682762311330763
0.27052979560505064
0.25415268396300933
0.26617843051091034
0.13786853212586192
0.36141954125208897
0.38699322476745
0.1732145967576227
0.4343957716719549
0.206276268570924
0.18696903182448366
0.4210913533109944
0.17745502328392324
0.18250796238832706
0.05759426587346543
0.1724890198681551
0.0704532582129204
0.5461679856957846
0.26095301470583504
0.4906739575231016
0.1922356825715474
0.2073588547412784
0.20651777316228315
0.47726635248995236
0.39381351182772567
0.1280252452648251
0.21110920006752354
0.33343222039136355
0.37375813068939745
0.09411727250514204
0.16248763942643607
0.534620473194622
0.41714093568362454
0.4504222886967867
0.06436630076050388
0.4054736752596958
0.04903474607392162
0.18506550162507332
0.3875647423650995
0.48001027772059335
0.36638857320797424
0.09300568574747128
0.12200906573671036
0.44788901523749325
0.34479557844876524
0.21836234815413527
0.14579189517365085
0.10095334259428813
0.1297741172908966
0.3645672442024981
0.31298206968808656
0.3820071098792645
0.2694127114368111
0.3537036535385561
0.16851412122346177
0.39096308172462146
0.40046631735014565
0.12651160840953382
0.5814319980264625
0.08497047112876642
0.485972260052742
0.1695663612359134
0.10371982333813777
0.41183040015561695
0.3196782527335785
0.4290689465967713
0.06658342007501235
0.26040821066148473
0.2526388886724354
0.3561272166178081
0.7409787755826788
0.5164293698587699
0.8823294356645626
0.8868251204017595
0.5892133952721075
0.5178148851397238
0.762009624316088
0.44707303251342495
0.709928228341052
0.7925578977886215
0.6335039576189221
0.7266468254330133
0.29032635865895473
0.30205460971365233
0.7240832891663799
0.8696128997093192
0.7841915723145373
0.4603451036152803
0.4861792727751381
0.43567430368168575
0.6607353239805293
0.17366876562253925
0.5910427985383615
0.6447067140674579
0.5609162974613016
0.7218726020782361
0.7143620097210746
0.7983051609200494
0.6787754501413624
0.5806401340359221
0.705255504241245
0.46635462498749447
0.4820061366478881
0.4892303703543655
0.5428840490219494
0.5510286975033923
0.7393134639509655
0.48149195715099125
0.5139924510397469
0.577326814388072
0.6109553579734786
0.8038093530409632
0.6093907062857113
0.16024375953639164
0.14891796646088956
0.2723025884241796
0.19702476110708597
0.12151645487885687
0.14521446269232957
0.31082624501847145
0.05249447594583883
0.07554496557466407
0.302563051799439
0.038103535903134624
0.04625720438719641
0.04485747658577546
0.1422716975918088
0.45682208788820344
0.1832346191620961
0.02660379459288565
0.0669608676988725
0.12486474755036064
0.4051594259937497
0.2607250456414531
0.48617325856284954
0.12091504846518097
0.1301872005264208
0.5803868614899589
0.29176089163403673
0.408809140204279
0.3171694199691445
0.33920518837364005
0.3535262611853037
0.3883086847287135
0.051443695912923124
0.4015879815476351
0.3978210542121797
0.1139751903706142
0.3046484327758375
0.5289675943769551
0.20480795125612608
0.2537679285630153
0.16645133726522232
0.6709503690063383
0.35436448298088036
0.08200274822187549
0.053104801360583244
0.14909354635766006
0.06939203022552774
0.4954259004001594
0.0825837844524236
0.5003556931300682
0.47395385115864985
0.32297970243828694
0.3575186445349256
0.49364398025396694
0.30236384879040623
0.3934249215661653
0.2696420616904686
0.21605609378079638
0.29077852975570945
0.09825229978908474
0.09424287133965964
0.12366741989438966
0.4179003863913369
0.5243149106594044
0.39546865996466685
0.3264511917645814
0.3891716666319668
0.39820095445712533
0.3186633443329746
0.09419546958858406
0.0830111703859154
0.18183327393275409
0.3162756296787391
0.08925524551446376
0.34184681225867247
0.4114852870980975
0.08526250310229654
0.0460281413834832
0.32441800332133647
0.441099305989542
0.17020920032841771
0.3022049092336144
0.5037550180599653
0.09479497721400153
0.5152805474931625
0.11129258617327792
0.07671144182565937
0.3350109007680415
0.20132252516659435
0.4895550009252515
0.3413298959185837
0.6092205357280444
0.08710401124896178
0.513214066584216
0.04646809265794293
0.03874315424846847
0.11640842704266993
0.46954985090586016
0.04791161657364783
0.5875591435958957
0.04571961497164048
0.6254435840761553
0.23499974129750234
0.489960942980425
0.1085779195092882
0.3619908531457277
0.20089614415508616
0.08920449831589145
0.3290283068046622
0.13982493294527745
0.24502660926952086
0.25887791226580303
0.12300689720103544
0.4047274706506367
0.052284305022204845
0.36604261513451475
0.2277720344712961
0.030182465483716562
0.33062687480535363
0.20240997625553678
0.05932876892203105
0.07731607486389125
0.02915095506885798
0.417413430202825
0.18833477622790168
0.12423813752872331
0.3999123772415836
0.29276991560203597
0.15477298524510003
0.24941407739687832
0.37272609671770895
0.10817415542940581
0.014736129433468935
0.022015884780069
0.13910972556760715
0.19772840796080332
0.07290432964091483
0.23986903577166913
0.3319385416509124
0.37657199025882165
0.05952935457844557
0.32762871637718977
0.3695930756542547
0.2880100147730721
0.4668060709620067
0.30425847501224235
0.43105156886862667
0.0868129258698742
0.388322456427302
0.09573254705641378
0.22875731559018356
0.46909307796924277
0.056932234283997546
0.2169885359328543
0.46381330032013507
0.3309053437316282
0.19919510430023157
0.31764168004552523
0.39916168621890935
0.23401786088984536
0.3006094844559937
0.3368955066718762
0.2947911289922174
0.03921920144543461
0.49101709987350706
0.04231555638697371
0.24367239005501165
0.18847864893231353
0.5021799189710842
0.06179098042418872
0.3612406144406733
0.36238759855420344
0.0384650438275008
0.7424751610022999
0.4123677984011867
0.34855628210414924
0.4171839246725909
0.08637367994543316
0.39316984609812927
0.22330032783083634
0.49789578404500645
0.24636019593674574
0.19241110070903575
0.3210991869812827
0.35539601768448725
0.2131294791476724
0.3350810797637191
0.36533790541879746
0.09002107703487632
0.3339883430407736
0.47564205202610643
0.37749434802804255
0.10689768891223378
0.11745306392716584
0.3768125037777849
0.24534414596964566
0.4704225780350388
0.40554564007895894
0.1056014595416654
0.07789009424290502
0.22552040034015158
0.022720837817121895
0.2664523947399062
0.36946866294082154
0.05009796644434233
0.17147089099895446
0.1365393253565867
0.22690982922646788
0.2620083037851956
0.06830848522984592
0.29923840634139753
0.3887050054959051
0.05861035061139057
0.03721226679720135
0.21694873026202577
0.33548350883308736
0.4280410318068961
0.4588690373510178
0.3648086176233496
0.1890564086694905
0.11754284675191762
0.24600701895391652
0.39892548918013154
0.1170446498684054
0.38384738767823257
0.24863146477102605
0.05757590963247546
0.22410602375892805
0.35649518945929104
0.18255236867948377
0.39010392208622463
0.2806433600441424
0.5508538252122609
0.732821231090144
0.5904256492260604
0.5364294763945434
0.8992835470404265
0.6012934486951779
0.4790509941238371
0.812370368186497
0.5271999054822333
0.6008304719899135
0.5933127281043911
0.7887681981429746
0.568755160480396
0.4662237390745769
0.3516583192918998
0.3998314638508564
0.16954132509710168
0.3739767342589559
0.2674426893421961
0.17502275770336012
0.07564031008129261
0.26323912612511297
0.4937316784222486
0.2636480849509676
0.3072947064714588
0.3278696978458036
0.556931621080143
0.4323227777847247
0.38547715173249747
0.4207771569041903
0.4933147436129293
0.13470850814841798
0.5043718573627921
0.8978305002885891
0.8985335002630799
0.8905905299819253
0.6861041518747979
0.6186895259522964
0.7737058565550066
0.496689382661698
0.7167438664615701
0.8366917814519617
0.8376669368763662
0.7629557213756495
0.48899611139727306
0.6541020929560314
0.7610048053102451
0.22982248186878332
0.698591700120205
0.7099987308698897
0.8780146437377868
0.7029082006782333
0.859751668668883
0.8788768281258973
0.7250675405994638
0.8159444609347773
0.4911693276010931
0.34655284541814835
0.5497096185711307
0.7623110154648597
0.5056695095846663
0.7552867968980221
0.5083706202000068
0.580212467945594
0.7552867968980221
0.6970576435915095
0.15851012600999748
0.5502070876451415
0.5263548573252713
0.7444836409750697
0.6174913489865888
0.7998513792191656
0.8701458767712932
0.6479561223980842
0.6626104251938318
0.48992715388991576
0.5572802311524712
0.5252582863649445
0.6703434738992299
0.8054149094934222
0.5201771255466758
0.8121983349165821
0.7382080652982577
0.75880520593901
0.18215470887900273
0.7045140267625883
0.5638982216388616
0.5807087235130431
0.5477252384562242
0.5822437639538601
0.1419557928951221
0.2877650995580384
0.11341104743556951
0.3524157779583275
0.3860889700450781
0.34446421847552927
0.12377750893030462
0.675289515364587
0.3312608403739495
0.1538017757727479
0.4130024813640657
0.26207798334142396
0.42300585776172667
0.23791294963103612
0.46753060865746465
0.12248546349874322
0.2670609284169067
0.16502962115326741
0.05992845272511238
0.48924994289659446
0.3051798952602352
0.10558100801157086
0.1758474218949742
0.4101209253339083
0.4155134961216367
0.24667490798288774
0.03003810348784982
0.17082354408096828
0.3829319259734199
0.24000927806410932
0.050212420404095376
0.27596807189907324
0.06942402261401634
0.5198049245698761
0.36003556861104535
0.6264171962917717
0.10388963641004802
0.4429398108676321
0.6616785870806682
0.5477990521158235
0.0761036490661154
0.39245599607834075
0.12080645841147832
0.49966385452069073
0.36483964639469896
0.08697383932837952
0.16872217807256004
0.28417144752669077
0.18646773495141616
0.63901083427346
0.10845249919900354
0.45204122209233516
0.33793622790364203
0.15093191840837253
0.0918436825693839
0.1107962091642502
0.08674297799011976
0.019657436330302133
0.32689199851011286
0.46345412549130155
0.5821688471581897
0.13655611505630574
0.08319080473203495
0.3866871119534091
0.09492460030977695
0.2928710933009096
0.10350854468054194
0.5685850484678343
0.1119420528437066
0.5893202790663444
0.17446628511340098
0.4409590250450665
0.5853064866917879
0.6205814973049595
0.4718882300506559
0.3246047992255375
0.30296283565905746
0.26956526888374455
0.40295438028364056
0.3163004286184662
0.33803181266437293
0.22402270255490134
0.36021438453541804
0.42223202715186026
0.5736870985665762
0.4930454652275789
0.9202760402840698
0.7571490052376391
0.9065932218573202
0.36007827436214085
0.8931393634130899
0.8356366387160411
0.34000281076348715
0.6726080618738886
0.841790332760012
0.3794811835122113
0.7292821615642507
0.614475378309415
0.5258596343270697
0.5460322408788898
0.6916571434456789
0.5435717641453045
0.5767365724470132
0.2786470330641895
0.5927533703842804
0.42497540233351466
0.0784097331812593
0.17977507135199444
0.37929264088110876
0.3156172818803162
0.37326225464061075
0.13883707497806444
0.8263831826615972
0.2632160434690447
0.5048367142663246
0.24784352316129019
0.42286674762238297
0.32689417361047796
0.6133183405142147
0.7759009626512595
0.5027869116189126
0.5859601926804435
0.5536882095133171
0.40691919480536437
0.8168988529314658
0.7689329383181422
0.17707939986206306
0.261855794167085
0.16208376633517282
0.26299599026631315
0.3104092169988086
0.6337340505731303
0.592274104959001
0.6158617163096051
0.6274489427175987
0.8118082892126175
0.3100520959732842
0.07165946550413281
0.4500429487267201
0.6964734660240518
0.5361988517550206
0.44037448379508753
0.2939994411923329
0.7541658368190661
0.5608145770949212
0.2848001633339567
0.31767871406490644
0.13385911391256408
0.5638512877212676
0.12982670116561576
0.44958808926284677
0.4275453270740407
0.28759663323116247
0.10604440631412825
0.44583959115984834
0.8367641602402571
0.604001225173848
0.34924046298801814
0.5081195190748342
0.33411389559639676
0.40454865081243463
0.4215355769338303
0.1559226062901518
0.5931015359349556
0.20833961512289995
0.763028332168027
0.6744560725448548
0.8834051140585726
0.6698846060286876
0.7538937207002033
0.7410114675972529
0.7319495707034932
0.8618097008017822
0.7406507238234498
0.6411575533288292
0.37321405668301977
0.6821321911473345
0.7019410486348816
0.5837368942187063
0.6987711626564258
0.8018723828715218
0.6656669119646911
0.6545714726367968
0.6100630166026344
0.4190655832998408
0.628864593547619
0.5613397801642962
0.1527036141509878
0.45030516731573045
0.45299966726544366
0.06747966317836908
0.3780498783069536
0.33543151903439444
0.46484131300716974
0.12608221684358936
0.42556607335401925
0.31482890235225575
0.28071227308979657
0.4386325902580272
0.43057907608562523
0.18399950636455117
0.3383403580930474
0.29199187377267477
0.16842951993064775
0.11222836995552615
0.5054184893268321
0.0923068954915461
0.29565328966212334
0.18480091419508657
0.0931658983471988
0.09113300218156672
0.5633562850582914
0.18400952866227172
0.27825619683856806
0.4908889893462572
0.5986035431070564
0.5861237003466588
0.3424097121490396
0.5428056585512662
0.06809375682227259
0.5207768410433679
0.6031700334205033
0.5832781428637683
0.5983269916209984
0.6838552522329491
0.7429148406352865
0.3414636294564601
0.5277090853122741
0.7077802527898045
0.6289463672290807
0.04236943591333441
0.6517023022873767
0.3561735486252051
0.4833279859065237
0.6536203515163342
0.6942829903947506
0.7857270676403918
0.69171603466237
0.6019309847435085
0.5531212383202129
0.5987995398301444
0.43078062783346255
0.6102372781372362
0.6302216650042612
0.7041963767753849
0.7899916715901333
0.5604715019998218
0.5916289765728888
0.6579119351263437
0.610427625294542
0.51556327500917
0.4962648847318018
0.13231913953222688
0.23478315299674765
0.3090924211504968
0.3186639625561005
0.4957228664081992
0.4490144526548885
0.47615148813789454
0.3999957819619166
0.12370216751502532
0.20718841260640863
0.44317404432243906
0.3790832035256227
0.3176445900167324
0.40813327854981146
0.3699490236194066
0.5102664895408389
0.23343071508619215
0.08013372228517109
0.3709299612628814
0.46274678884093084
0.35431682087127303
0.5078117352851996
0.5732432105480768
0.5117216858554748
0.40203543215896115
0.4951375196570022
0.38953869309738237
0.4886844082194047
0.1377679741272088
0.36283277319451673
0.7852548250140114
0.6471836332964056
0.5903582092535936
0.5367425668824866
0.7626228695778045
0.882037586671346
0.5743871387469996
0.4144510414124228
0.8297864190148445
0.5166751884139611
0.7398818690643149
0.4655162285937791
0.6691353414420484
0.666592806563596
0.6831312315141052
0.5409185774503839
0.5604692001399294
0.5056396489886704
0.5059213655913616
0.6236833983951042
0.6964322603148453
0.5998383808935033
0.6152310609109036
0.7349840302665701
0.7249473539908762
0.7240349780444212
0.6030821017483848
0.6414212313768816
0.5711094167479034
0.35486043236329173
0.44181749379497226
0.5129124840215898
0.4430720362740433
0.3031825690950484
0.3031825690950484
0.3568497351796116
0.5326769322079908
0.13272972531398092
0.5366896104282209
0.11171030671093742
0.40035071608994366
0.22632058734975247
0.2245495983311517
0.1806505366002532
0.21591498604814838
0.4372139176837308
0.39459149833834933
0.0520089475492045
0.234506328611498
0.4651812482336669
0.24984173448353234
0.23330103009716538
0.08369730946704049
0.2029399850555252
0.5971606145660004
0.5053641828260914
0.16534385022195083
0.4991033590311108
0.27735677842719414
0.4971224310547502
0.5569659755525772
0.2108203530801609
0.22887952722591537
0.12156204640802705
0.27586751530386544
0.3284551381366543
0.3020835840950593
0.317122237069726
0.517472218551522
0.37378636128124704
0.5178341082241444
0.2691183682394107
0.4655950113579939
0.6302479434537799
0.125995826233179
0.6431327946983784
0.3035974662399138
0.5155729119999835
0.44176125588862725
0.36855564815661795
0.500004802742652
0.3926686980574962
0.41164314322563555
0.39991333103698323
0.3537666357162098
0.18396515483987652
0.40525112850228356
0.48390675724378646
0.24890513209636939
0.24341366120512015
0.11478941755291543
0.4100209671671427
0.43443936240844244
0.3282478016351142
0.20278889624326848
0.44969322547859725
0.5204211393134971
0.3941711669232888
0.41394159899001465
0.5716508051683108
0.6167079390193763
0.2949586871151616
0.5833819761816685
0.5977236413277404
0.6832723982406522
0.666593532753215
0.5085047631619186
0.5318230868808232
0.16541906294626704
0.42401781001588945
0.24972284208170203
0.7008947291924668
0.15653001336991043
0.5286135730655293
0.06354711864665495
0.1713061960746362
0.43624331456304843
0.09358601642718671
0.5553086130376657
0.30851086180054416
0.48851476270461613
0.3698989572730646
0.05315508460791983
0.36762176834635657
0.3706075146881056
0.4742109774466742
0.13810932354291977
0.46018276720068263
0.5956661472333945
0.24998556062973198
0.4888332594735832
0.39137226140435916
0.1577309358519533
0.4195235525388566
0.6610587282230185
0.28784032086140954
0.42738491375445053
0.7033027192986809
0.4841473743610656
0.5293246802563465
0.6211039640072195
0.6502466699104834
0.4689707333783952
0.3027241407761462
0.15278404025909215
0.5362997582777342
0.38433365607266956
0.07233945972797311
0.2686765937937899
0.45860003100410357
0.33512153272128403
0.6946160656682133
0.7028379445695812
0.49419180265004803
0.2381836504759046
0.37541279730520166
0.47062444360825695
0.06609690590686466
0.37403360263295105
0.6903298053659245
0.2593954465981474
0.6600946862280626
0.3602966210764438
0.6615796897386883
0.4922356716478142
0.040746712933610915
0.25066673842001425
0.3524836398573989
0.11278053977129164
0.12807179606554991
0.08029999255795522
0.4613314400322405
0.34994749909025996
0.15839195999183836
0.20904210250848626
0.5480475130021354
0.30387909707938626
0.23817694474844628
0.11899787096577176
0.06073266173835547
0.38348131585060824
0.10320647874957713
0.28306146632215207
0.20016389133736703
0.5376082090755228
0.44935435848365274
0.12442291886595776
0.15558621683336768
0.16126335890883237
0.45305779292997533
0.5079305145481132
0.14137799891314481
0.1163899180641822
0.10024323804624406
0.38842248565796184
0.1499812050539019
0.3484290123996656
0.04461073464170449
0.41618418577955235
0.0907659949724588
0.26581238118422174
0.11701462660339056
0.10669514306426207
0.12472927116716123
0.240734807578448
0.1755370373306134
0.5547818230108559
0.2071033954585613
0.16380663919929236
0.33215745407116093
0.12974330017611863
0.1835923705894067
0.1595977797063997
0.16353677517752718
0.3647125034197009
0.4623044676588543
0.2242533974740668
0.38718551379577526
0.49789757006831387
0.2869904555921096
0.48574274745950946
0.4527970446804998
0.2647644737286687
0.5543889591324973
0.3684646212514128
0.05511177598049526
0.11748479654760999
0.13815538828107307
0.19036090068964553
0.15997385841589865
0.2132973130221505
0.41303750622646707
0.4076484481228165
0.4667980864443184
0.4809447994211707
0.38913527673871806
0.559427994556545
0.46354791618988656
0.5181682025589787
0.1978722050769202
0.7730705911516602
0.5842360536025936
0.4343159825678927
0.37467472178101435
0.46578320803645307
0.526126546976469
0.5411944129796069
0.5626973050557332
0.6072917828988502
0.37605485653792753
0.2702647372407657
0.15580272255078742
0.3366840034037822
0.1496795672737367
0.2543439867622098
0.07188480030196537
0.3116732124511442
0.2682262079788978
0.3590216130979528
0.436213438322212
0.281770808228933
0.605478514760196
0.23287272233875106
0.2310039444891653
0.549072847652802
0.47313670816381065
0.07467691496058493
0.4084044332586421
0.5456929604881274
0.504973106934877
0.3604693613782953
0.25635270924833203
0.40844951695849974
0.1374020414949892
0.5103545905166142
0.3418705154581554
0.11720357823016724
0.34376159322513244
0.30797004392581406
0.11001464455951493
0.29263070486722176
0.43340387820057363
0.15900814419243037
0.760769727904458
0.6665949791232322
0.578789993731934
0.7699862224183444
0.5055609679620858
0.45196998881044953
0.6351872237235269
0.38349757665078
0.14110269326115704
0.255171077018093
0.3767241283673097
0.4030870792898816
0.5411988519157553
0.4560523887466449
0.47870659873273214
0.14421858314957428
0.3012428942478574
0.16239734842429426
0.33459019040473703
0.5063535766167984
0.21325966275820044
0.5830672877256667
0.18024415029122118
0.2740235647718992
0.4069140138479949
0.5776499699009033
0.11641138182920095
0.10308189443974324
0.16252933725166005
0.41213247500797046
0.21045617468289957
0.4548157162981981
0.3163194057969185
0.4871512263864108
0.26960977165917244
0.4066957710010214
0.45136937215263323
0.3323880977964954
0.20270422489201212
0.08661875396426354
0.24657217815038385
0.4323963755325309
0.42615957034462715
0.30230409726917146
0.8419655694842572
0.452541206761168
0.7094710991145372
0.3978614104997086
0.44444871520375945
0.5564807258162654
0.6955462657556595
0.30492311161202085
0.7903410896007452
0.3661847264310985
0.6428965294622684
0.44061559399064976
0.411058551663857
0.4386156179544891
0.835289804722665
0.7915340706647871
0.34750954638791237
0.5301188432012923
0.47932854561445354
0.44446147810014225
0.2481950685450206
0.32821797425011084
0.5566220741508048
0.45325266138631976
0.5074322249536748
0.7286445948289806
0.4384095400002545
0.5897501865844407
0.4467112808766648
0.4558683312946432
0.41780616269457005
0.4959667984288715
0.38891088359909753
0.40333051764508526
0.6074593979994294
0.5323721467962185
0.3989243676764673
0.650261437358021
0.6421091581604687
0.49176949911022383
0.08007060265376527
0.10916767721117968
0.34542981058623085
0.241808556374796
0.15381002802724456
0.1700653053800606
0.2422534929081807
0.22096773023452967
0.0718268624196431
0.6156342025013142
0.07738936841306072
0.37744265359709633
0.16258518538889163
0.30796086141561624
0.3514976596659409
0.1865330148435653
0.1908408351401391
0.2773749121088974
0.04419577200603031
0.1169630146332172
0.3406966683263263
0.3280674342338715
0.30766843997458004
0.25497981696201144
0.15880449243570136
0.19708314253087209
0.4002960389055253
0.18686762306046936
0.3329960196499725
0.36884937138010504
0.23184430208819018
0.21391023350542385
0.21048810621999145
0.19451318876066423
0.20950165219707434
0.30387298474305513
0.2676684982963416
0.3125975297868132
0.36766987372226984
0.15132386896317113
0.29875324165733746
0.1547828526968008
0.36823256992458453
0.2793587466626541
0.3731717016457276
0.3166588317601685
0.23916830895501162
0.3094493908820563
0.31352048480910105
0.18559696535203865
0.20878681632892807
0.11842937882005715
0.30689474439912034
0.19784633924346717
0.4101409358856485
0.06690818260295657
0.25868553723951393
0.17864176402211518
0.25504537619002116
0.20625948114978085
0.3609528961594328
0.1937167747632059
0.26827046450296566
0.37398661752043233
0.48175237470322335
0.4498287769938919
0.466947655795756
0.7585847709800777
0.4744695288987125
0.701833274436954
0.4921419897653981
0.2679127781511219
0.6247480703024804
0.46813992177177477
0.5506958947412539
0.6784305103686541
0.568765642284157
0.6069825855156832
0.5168109227472426
0.35365592042088995
0.60342739683334
0.6285922916266314
0.40682189619055115
0.5549413118156765
0.7712317673733573
0.7724153995455695
0.4772393786921283
0.4911181352524889
0.5457741744390093
0.7249152957834961
0.6035837053855782
0.6703628644372384
0.46803182675725685
0.5560880912796705
0.5345955970156758
0.33912595631432585
0.4247187026468768
0.12675905289986833
0.10656475673481111
0.12631210522036
0.1415533541927717
0.043905411199331446
0.23345008303616913
0.2013356434934916
0.0436655385783675
0.15190154013466625
0.2071796765603242
0.09175518452532434
0.40743144543626786
0.09884498766930151
0.08219543857723645
0.21974750498211001
0.39282306840074743
0.2295910698115333
0.03737574616437111
0.19962071042394836
0.24861417343136938
0.08243018078174508
0.07777020746618372
0.03769266086011349
0.21064045653526842
0.24131710325406971
0.29354820269535853
0.2081675251308533
0.06918814830871614
0.07682747085673823
0.4182904177159512
0.06000892857414809
0.11058887329224747
0.05476184556331072
0.14830248448116137
0.4886926317383929
0.25036194247798044
0.40961688569867416
0.2684546803052163
0.13546781750004055
0.31635515864840064
0.09441781689747993
0.23342560371036516
0.16192705983069605
0.3886508205435051
0.222271719546938
0.1413571083304511
0.20285111761046173
0.3398603482126338
0.2649660572204101
0.30889632712125964
0.2526147791839889
0.21807598009279827
0.3911575896157464
0.18436917806964173
0.1619192247561613
0.10553307420178681
0.0756500941906768
0.05639769957773853
0.2911655026594221
0.27850489383424243
0.16754818134439822
0.14441906080615496
0.3498787252644023
0.49985950980278476
0.4064933520594825
0.042691079553239294
0.32487310574270223
0.3124945515218289
0.19690583233302048
0.15947306246701076
0.12536182144591348
0.5600910652798652
0.2238635570830642
0.2867412878431873
0.2604655535374081
0.3020822843787604
0.15622214505811494
0.2582890333646494
0.32973909536456575
0.16528027482563198
0.06005894977911227
0.18942421000028184
0.060777952163128444
0.3566451841082986
0.35526946835930345
0.078327253659599
0.19526069090846757
0.2162283091564907
0.3050438642541515
0.2851643718022624
0.2537588365106746
0.047817711157692844
0.30139497785245845
0.07179710703142729
0.23810742146362698
0.03654395940052384
0.32427376812792025
0.10079082494026706
0.05573032764296961
0.09151154058198026
0.37179836876632155
0.39780253131721577
0.2864198679443397
0.20160772500451649
0.05549682319688167
0.09538954385571885
0.41850908856133573
0.3943634766939378
0.06765586510048456
0.05955081530750671
0.3933149781339756
0.1303220661568467
0.09286524644631551
0.12537573615047481
0.34578767911637504
0.18904455961682126
0.10568775453630559
0.3609513359809832
0.15933373412136725
0.1809186289793745
0.11535996973812093
0.21569217391407844
0.21747028517718264
0.10594021161828342
0.08881306687113581
0.09341162714250299
0.06128745466646161
0.0869188606807053
0.38755328412095114
0.07716328786214414
0.041422824543600675
0.32366434944538364
0.18658974409233117
0.1199528780645489
0.13436943655022085
0.33101053816930287
0.3044715297372019
0.36169627701250057
0.057393584133780325
0.14858872530278966
0.39454199969944403
0.3682735659996821
0.28490210323847265
0.1813397496863837
0.17504373164722564
0.025212340227423462
0.06149081998694853
0.14625570434496898
0.09944261735009245
0.32371324632469517
0.065454203098386
0.07400879333044737
0.14706358668032624
0.31002794158139757
