0.7699600094765672
0.6434393706044855
0.7960604083238748
0.8255105561803868
0.572669797550428
0.8819107932120896
0.879836833483791
0.6832196825780291
0.918586209813664
0.9002831108541154
0.9004603722937328
0.7854357232583925
0.66116831574546
0.9226309174806107
0.8917535581689606
0.5985600927207494
0.8950020196029873
0.9271532329069038
0.8537296450492533
0.7898531193246566
0.8157443087673928
0.3774091374431292
0.6288952288861935
0.936230176440613
0.9003708391446501
0.7596729900668588
0.7846237012798388
0.5626485380387781
0.4740237968983787
0.8045049443544217
0.8838912874400643
0.7823783051288127
0.787663413940079
0.9265575175473815
0.22450527126697403
0.5802536255253194
0.7678220919306865
0.4043165279842935
0.39070452935110167
0.1360997197081608
0.37120772826382403
0.8813370945118162
0.8169520106102043
0.8416570987875678
0.620493984058684
0.7782477361702547
0.5360255405915366
0.36281293985112195
0.3575647334031438
0.3604961488062378
0.3786741574691247
0.16632145203912796
0.688437496602131
0.14109914960624595
0.6732949371075851
0.4455503284325347
0.44304441583740367
0.4534961988187942
0.628586768854655
0.17349567920591774
0.8754353098217437
0.8763156556625451
0.8643421979556746
0.5346976861172118
0.8923353174596576
0.8749753761590358
0.32223227007809413
0.8740913373272353
0.7826003195773279
0.45892253741845573
0.6352522162709028
0.6540999040446853
0.38397870140982493
0.7951478088005643
0.8218486613417354
0.7928612459074953
0.7371004301913769
0.779962128940828
0.8039346728497558
0.49956448749481003
0.5495925197758367
0.20912962090624
0.6560073598628586
0.6298737578335023
0.4654237396120114
0.7005782087821484
0.4506994015074417
0.45391518964238364
0.44597407360957014
0.4189798274564039
0.30793012699639477
0.5311308452764034
0.07988790210604349
0.5319513544172123
0.6550759744122855
0.5468431454360843
0.1580744873199898
0.5482476251073637
0.3280529483605926
0.22992617651024275
0.09355659710859884
0.5014407149962179
0.14734047900361513
0.5780577356598157
0.49205830756130836
0.3602141223622253
0.5894922759838814
0.5820656354187456
0.9045438331011482
0.8210713625635331
0.9092892526020987
0.8601173104614246
0.9480370468446696
0.9467150008082732
0.8377786580300236
0.8361532806828291
0.8760330968504153
0.9198223435754371
0.8194687717734238
0.8588868571208997
0.5527588299750862
0.8839937372538372
0.8097313449480714
0.866367826447647
0.7683850971307854
0.8482078309646128
0.9496943975776039
0.7412528191538067
0.8154374949204376
0.9028615751046752
0.8067685685279467
0.9068952046159626
0.9720483302541433
0.8304544830222794
0.8673138077017313
0.9206035532100335
0.8977536575487408
0.9418728352366172
0.9334508162698071
0.8686979071798145
0.8061376822653648
0.7807381244197309
0.8678869746356819
0.7783779722025256
0.5897176702376665
0.8088044363453294
0.8033907541075702
0.8922927695625283
0.7771096253355781
0.8244572511540875
0.9324317632171898
0.7043315647348133
0.8725911689151187
0.7897803424717951
0.8647581342223417
0.8323193394007714
0.6484280646350488
0.8835910068792423
0.851089051142631
0.8212608580728781
0.5850144022408608
0.9168602759251901
0.8123493985725551
0.6947479509522855
0.5655049119264166
0.8846018350102333
0.8494777476011308
0.9009626388950265
0.7885420680870161
0.8898888119068618
0.7716102866349033
0.9109246152165458
0.8178655841951304
0.40102812788154973
0.8033312352357439
0.8895760262096247
0.8508202698917914
0.8843159246758223
0.881335149872587
0.9117452111515063
0.827070091573795
0.806077278467191
0.8556429006148131
0.7617589127801125
0.807461897675036
0.3726411447074251
0.8101682666906344
0.8240602725541151
0.8642619687225387
0.8992271299348032
0.9320304653347025
0.7886814299258094
0.8647097787947813
0.720326150101328
0.8861371564321738
0.8949440627717282
0.817275367902347
0.8345120670058361
0.6872502467294749
0.7553123579330749
0.701776054388051
0.6665279036488643
0.6552770696358565
0.5290776870609767
0.7492336760468469
0.7375500539192317
0.8490830636445689
0.7638120873081462
0.7426457435674736
0.793786607046452
0.4871569309743685
0.7673308444463502
0.6340121824082532
0.8027211386281855
0.7874610609403698
0.8214264458468152
0.6394996982889302
0.7748824566934436
0.7213204172852784
0.7616535622603021
0.685265946411071
0.8310320669203531
0.788436789127394
0.7391562033181118
0.5066128969702518
0.7995401327250523
0.7761679819082139
0.7372318332011056
0.7764047415674621
0.5791519949197163
0.6955270958916674
0.590039271485787
0.700855861591317
0.7740886830621807
0.7697410462708948
0.5600079234903919
0.49066760618049227
0.46832607674769605
0.7498646337504519
0.7814440478311703
0.7883343025067225
0.8052158132170241
0.7956937697252642
0.6912748795678291
0.7500784291941024
0.7663057069845889
0.4706013820770178
0.831376822327524
0.6588071515863415
0.8211555697355855
0.3416227655789052
0.7664942929997433
0.809742724723233
0.7743923481640757
0.4658630199131016
0.7051447399075181
0.48732411205755793
0.6883960099626739
0.40633602342087394
0.7032215878524367
0.5996800861151975
0.2156806302119822
0.6341641291593492
0.6479081216095185
0.7546278137379436
0.3588236378684566
0.707091687067908
0.5485566696678095
0.21642424704974836
0.5217042143121248
0.6651545990527622
0.39562520635218246
0.41247163716546453
0.7266048640492629
0.13268179719322587
0.5161448459307509
0.3572473929009946
0.26934523587983744
0.5596833403628813
0.11680346713795618
0.5543558187459451
0.4153512710241779
0.6062960260028223
0.6111302788090336
0.6232055131992177
0.24748109767868376
0.5470684458145108
0.6722053460424455
0.5340508737274946
0.41791395820154015
0.3653189629435905
0.7362641541750128
0.43639839678197045
0.6742684558902207
0.6828681259105038
0.6641962139307954
0.7430590792363622
0.5104783374360192
0.3040703379330209
0.31189700874498677
0.46687109388963993
0.13815898590199707
0.7517452889694268
0.6938016797678875
0.47861210922748393
0.5569017115050919
0.5932090256596023
0.29565107738520174
0.6421694018373038
0.41886337418861563
0.11399142104398863
0.8333735347035937
0.3824691475432993
0.10336428119384722
0.32959144339900653
0.36112893874926727
0.2659608155992273
0.4335075045439106
0.42615213281955955
0.6233573061247639
0.6047243985745199
0.3036337804061498
0.6961763772653453
0.16002822341783868
0.2449329356418513
0.4589097775123467
0.31211607945327924
0.33691596346329367
0.15072998916830943
0.1685662686756861
0.33808458313260065
0.13236482344203584
0.6742006041172179
0.6335315836190419
0.10716872514415092
0.39869771360891443
0.41313393752455724
0.744573374351255
0.6791210710931673
0.13958901096896034
0.6017580768595356
0.4952595056754961
0.7349366104296005
0.7157788443966496
0.6080668481590409
0.43016162938485086
0.4747439003813307
0.490060398823772
0.536876939499862
0.724141937726997
0.7213172605174262
0.6822434009828399
0.729320400230951
0.4537367250670666
0.09544413375310427
0.6797271520839904
0.3947495238616059
0.0991822195391561
0.4768007603177671
0.45471068739159753
0.3661295784328925
0.25756716176471856
0.5702716472662945
0.5575833191018135
0.708267988638871
0.6474236357209315
0.4548866085796732
0.3274308052659824
0.46679571732453723
0.37840835887861024
0.6251559322099443
0.8251552052989066
0.7509755832460487
0.7697641214766423
0.15743188739401734
0.9302749720048078
0.8641596788873962
0.8316599732561436
0.8265475826656428
0.9739230812968106
0.8560337662448073
0.8158959642637783
0.8278374640409617
0.8038043672342037
0.5773240495162547
0.7615786021961731
0.716538629689524
0.39112351129302286
0.6025901759599345
0.39059645089649647
0.5945240918684032
0.5975456337168201
0.347417394385279
0.2472723407119871
0.5938722692683318
0.8213278075125989
0.5601085413348872
0.17073548848014092
0.5816699190568246
0.524662113306831
0.1764142660218994
0.3551418943602968
0.49236323151880795
0.28034244532560343
0.35514270439387474
0.17828121121274046
0.8416720955043059
0.8046680429714829
0.7636771611625618
0.5006297893188859
0.7334359350888471
0.14045292986549207
0.374940265140966
0.570563297517394
0.6186716176423133
0.22154874861034274
0.17496912417333613
0.39227044613018675
0.8547966100714303
0.8263857300880416
0.9024203820736753
0.7937499704960864
0.5952649833183516
0.2650220261669677
0.2783323872154256
0.3645242096804774
0.6651683079739562
0.8547739555322651
0.8892658721288336
0.80732426910445
0.31774446033732495
0.898007796789885
0.23946917139292248
0.11229994025278585
0.28448579465976964
0.44007069755127376
0.826408282445259
0.31664028101702857
0.1998844503457339
0.23929538822144455
0.637284063845807
0.8634496210502639
0.8338758108177842
0.8802366367409568
0.8225064807793472
0.7902255125105274
0.8427691784798974
0.8207438648296402
0.7684110956455245
0.47763579316391774
0.7943660143930358
0.8992741996302838
0.8056250782342744
0.8015873491828543
0.7553336009085482
0.2755720137055745
0.7349798617057097
0.30063286422934693
0.7711812682126142
0.5446840232270924
0.5443010267768733
0.28667059908105985
0.7690193526702973
0.40161404180980415
0.7062490315251182
0.6841980617043562
0.46683093180918456
0.5195886000463927
0.7255763733087369
0.5075728415883035
0.42084114844336507
0.44777861157947807
0.1106429599342641
0.2472150987210831
0.13744221373207244
0.8404760397082807
0.1901878478049115
0.5958582744775088
0.5994293267442095
0.12457954490320618
0.32968709574446253
0.6038233992864164
0.4166667536542173
0.3640303727616779
0.34777028480613265
0.6037477069738975
0.5486163701240152
0.43235145330129615
0.39281973362080946
0.12826261049052662
0.6931381630563939
0.34046981314479546
0.4127919981254589
0.35154318971778786
0.49124375839445894
0.6103430463714268
0.3148258134724944
0.44717366331368125
0.3509577593193697
0.4377520285794065
0.18418201551551255
0.5704387661014686
0.21697674599075675
0.5924963291807624
0.23177423406074338
0.3784000866976387
0.6150201864867272
0.3896189648785024
0.796081247491988
0.910379296053776
0.9419963681952789
0.8797054223949733
0.6940804393587116
0.886974440085122
0.8539841463263176
0.9143738250922179
0.9614205284358104
0.953066010587123
0.9191756095230602
0.8539820669569348
0.863607928333812
0.7610061954556094
0.9631736552453671
0.893578097305842
0.5583029486584828
0.8978888382411667
0.9151164269462289
0.9616895246239474
0.9347878466296877
0.9272899979905215
0.9406074910680663
0.911349268187387
0.7823663561743577
0.9479091615375216
0.8047263149552897
0.8432978307886564
0.918535300140885
0.8209043400944275
0.5137148663185703
0.9247944756557815
0.9484767068495494
0.883780249329116
0.854758325557604
0.8590292942955267
0.8646411961499478
0.9094359416549477
0.8940197045093452
0.5771142155615104
0.9083936063460252
0.7859379728178741
0.9447098144109002
0.9067860128516119
0.8454377542774121
0.8847177493841656
0.8483862244081115
0.7860500215845908
0.9230395421068377
0.6705989687000984
0.9597496973943064
0.9252769432444454
0.8882381313061144
0.8794159702844326
0.8616106588256578
0.6223567798410017
0.9292828427072323
0.8740439442576391
0.795552596391109
0.37067485834916686
0.6932444501536572
0.8193102125035281
0.4061340656502117
0.803909274820316
0.5798270431257876
0.4842053083334269
0.7598918950730362
0.29585050123182655
0.43878415419773725
0.7854271351883578
0.7036204256721625
0.8056238626007849
0.7522424244258596
0.7877480318485026
0.6026435556828696
0.6339101357401168
0.8097013303966971
0.6626825920324925
0.4763544508601233
0.5107653139950102
0.7771261516748816
0.811517792458602
0.7990313051983202
0.7635739620665639
0.7874628473070188
0.8065876324151993
0.8020608336537123
0.6883089923526907
0.5077224062826435
0.08171982179331709
0.5338580062615532
0.43549608877313584
0.7162602626801854
0.3464656939599226
0.567881174165798
0.7400210858967883
0.6693580569705042
0.4924351737776862
0.4106589736547069
0.5073514357337873
0.6729670002677269
0.22712816077694487
0.6866076048994485
0.08214976097992728
0.45678425061147554
0.6254730069185399
0.6019526697435029
0.7457420154972968
0.16803050543324588
0.42480940303602754
0.35934522707822314
0.5066964344609493
0.6876766564688849
0.10280326445253851
0.3640290621983432
0.2311055045914627
0.3860140340265975
0.5830890601195028
0.698226073710312
0.6413017167068354
0.36169927758466863
0.6581007628271586
0.41985663557271785
0.37170240447461084
0.6815887844171438
0.692187742630529
0.15542013003715105
0.08904694099937842
0.5880369290971972
0.5606468969038905
0.3882076636105149
0.634342760104427
0.7487108104564768
0.7923860666946545
0.6827908170294293
0.15255462098776382
0.25012758375239136
0.06979135291745746
0.35906434413089655
0.49603247985459714
0.5440715840064723
0.7928752391399295
0.661097859890588
0.41271838248114273
0.6974567156534822
0.7123368185381351
0.3807773297368584
0.45997314291211316
0.37883233793839594
0.634212941733801
0.5502114946244486
0.4751603182586933
0.07669660658233445
0.3983007634623257
0.7133789085793633
0.8809510061577305
0.15632482917442606
0.4190559676583236
0.6257881907151563
0.4039694082546751
0.6659288271361266
0.7185491713121772
0.31358195508860803
0.15081658908111462
0.4725718139557741
0.3883540708619399
0.6478852654199385
0.7633382675159855
0.44555042127842104
0.24513538272554342
0.11085310787420517
0.291429875074364
0.49647142787174436
0.521579905030744
0.14735817534251683
0.7277011812537627
0.11707636769703923
0.08097124178224707
0.37083133582835237
0.7460283044309398
0.6758358186892605
0.2587581889986203
0.17518893186846646
0.4415516275062517
0.3947262367618938
0.7330789580122675
0.4835300335119399
0.200083510021334
0.10037007043444383
0.6437389519339519
0.757295188822277
0.07419944236793122
0.6221359942173145
0.18127025645163655
0.6887891674533545
0.3940610085201955
0.45883387863889175
0.13884371482188393
0.37664235014978675
0.20834384665700192
0.11851548235882328
0.7156550225732656
0.6859932498596687
0.34526315906371424
0.3735106004950888
0.5901338340517139
0.20475354369128407
0.3261130723287896
0.09286293376957354
0.4345004719889232
0.7094222752161449
0.35307732681131254
0.38401649766786783
0.17583965207846602
0.38034618121245384
0.37259250020318524
0.47003235248880987
0.14689322920543552
0.8046070860278836
0.3287983838704816
0.4909495751692452
0.3716800907960016
0.8348908931626196
0.880579827624629
0.7077627140783445
0.8435193627385517
0.6271783619503497
0.6917122018317333
0.4794859454541867
0.1272470385097643
0.3552008110276815
0.8086634575622267
0.6870561605846831
0.45465385283191584
0.679234942099759
0.17323803291289336
0.4318885659836945
0.1400154860136152
0.25838193486055255
0.4189022818546216
0.9146698898862231
0.8282699067198983
0.9572125564414631
0.6688010049046071
0.929673913431538
0.8418598864429094
0.5058276219475218
0.8191770117700229
0.8871288378272963
0.7023424787126673
0.5117721889455403
0.6806909030221875
0.5561521716179921
0.654949028708332
0.7001870986526934
0.703282890087203
0.53261040709716
0.6215250711333288
0.6935285715413781
0.720128190768252
0.43718225919768267
0.6994002620294528
0.5120777204691824
0.6525953620971556
0.6398216417417325
0.3915602111110972
0.24233279682331046
0.6298628658078825
0.4210450961924543
0.5344085837580392
0.46593616121963616
0.42626206147105317
0.5132583934253309
0.2996829438996842
0.3932344870317319
0.904481504234686
0.9050034238258104
0.5867660747318132
0.5561755768683527
0.35122945274087974
0.43799967092292047
0.707205616105996
0.6802414964009035
0.4099658777352204
0.6050168301660473
0.5550211191068274
0.5963951795278849
0.870654512416857
0.7268110581793965
0.9253069736668206
0.6203743439325244
0.8791029318024037
0.6483934293972796
0.6999842586204811
0.6928154872939473
0.25480400565529626
0.27376977166726224
0.6590121881959451
0.6886917582590686
0.19869397534755054
0.6326594769749148
0.6106030041674282
0.8630851803047935
0.8929727316477226
0.835322798386345
0.5028557972006962
0.8945969231322571
0.8827575996158388
0.7761555768126636
0.7868489116548585
0.8882894218203716
0.42918322700061334
0.9451051632133954
0.8662041952318651
0.8358327073240999
0.8061247574871953
0.8754653800951875
0.8892112828230703
0.8680292178118733
0.8329151810876831
0.8086186240576747
0.8234583169835487
0.7614976783342111
0.7573319593480682
0.09360435247197459
0.425196108900899
0.7485603844428892
0.6398852162161054
0.7047348379524834
0.38847038242827425
0.5736162838886333
0.4090867605037119
0.6698318314063675
0.4140615758523411
0.1292092204646765
0.43643646147566517
0.4116803340056909
0.3593748182871823
0.6884473167721786
0.7694431049979045
0.34196127785448116
0.7343423177124068
0.17487926325259445
0.7020639564820101
0.6419973070710447
0.38445803365251763
0.7022527348632819
0.3203570539183869
0.5417668977947169
0.33945771770059613
0.8199663711784981
0.8409021807262264
0.7072651157776781
0.7447784743973943
0.6879906330396928
0.6357775088855423
0.8115459017083889
0.7510909829658058
0.6671481224826984
0.3554368061792039
0.39209297398718684
0.7609649122853365
0.48393291408110256
0.8583630229709038
0.4712294533404409
0.8791539720281285
0.9132651458030849
0.8583357410409153
0.8075400656978337
0.7919436831495275
0.7681647499546669
0.20573939566054686
0.16243947128534328
0.42981655961203424
0.7931772380712162
0.8125525225686832
0.6848198276945618
0.6604662630843997
0.18909925455267754
0.6384201411311319
0.5906891899346165
0.4107104672728947
0.3081108335505347
0.5321503983849071
0.34336012840021995
0.7203240496328649
0.38942656591454433
0.7946802772633687
0.5547647270395891
0.5920583874168389
0.5467426213904062
0.2404992887495194
0.4275854068238943
0.49424194589003007
0.8644910566260104
0.7417237683038693
0.5895914496863618
0.14827872664434988
0.6594957986470472
0.7823254446301289
0.6469082336561229
0.7119220854669054
0.3401499392024076
0.3308827112012207
0.7628831798352367
0.5483358365291149
0.26144492602363106
0.8393753344753704
0.8962647313488571
0.9020407195097281
0.794920818930326
0.8914918284411916
0.440284472042075
0.7799173512056807
0.8709024881928553
0.9159178496327548
0.4356311344338062
0.4746945660716094
0.6531088334804702
0.673744470471071
0.7288306729483455
0.48064452109528977
0.34683472105761964
0.3432059502598502
0.5648135007807615
0.4413734095235807
0.6832229638438028
0.43171970366075624
0.5854694530928962
0.6418994991021076
0.4135198419568685
0.42021236423470637
0.3875346240291841
0.6968697553123221
0.13833849925184866
0.2618218750351774
0.20491715731065255
0.36217389237255354
0.7565462503894396
0.6004984339806891
0.5992682516895913
0.8555506523561701
0.9152312111256594
0.8669695003117894
0.8852609761224912
0.846229711824384
0.8743943168013961
0.8623154666000544
0.8554973502783971
0.8913971438093966
0.9257009190012503
0.8996068391819781
0.919199324117713
0.8671968930580715
0.8292521109287553
0.9102908569679542
0.5820551422562584
0.8992356652679039
0.9181269003502884
0.8346161891717147
0.8576178886120508
0.8697885534525795
0.8884967085304295
0.8317148824508178
0.7060732495160068
0.8750123212384918
0.876736481973304
0.871838861981894
0.7709200302960226
0.7530136701895468
0.7845730715904923
0.6192101682469157
0.7913947498373213
0.789662856278261
0.7687878725672884
0.6623414840667411
0.41120378152269793
0.676591195713928
0.6857378894021138
0.8070330810768522
0.6712032083479749
0.6482411493645892
0.7467847936719227
0.7858280657186478
0.3679401749486382
0.5038124057921749
0.42920341895665004
0.4858346746338615
0.6062937473977832
0.6596312122509791
0.6897487752413497
0.16156934356967556
0.42985274225411296
0.16101708049339797
0.5103994418735839
0.3410258604258779
0.6626420911366014
0.36042452097550065
0.09603443677647698
0.7267657989363819
0.15901810646920117
0.4435598366149329
0.08673361728812504
0.6857464196633025
0.15648987448249274
0.5485725340594028
0.37455590043798975
0.8438836050924357
0.6454133195407298
0.4421851667537291
0.7775872886101209
0.27096683076505335
0.1539867542038891
0.26802551986463335
0.6919642974919117
0.43271509535623187
0.7472919281665117
0.1617123463177738
0.5014067471526754
0.5482285838397025
0.6676590219984048
0.8083119973152589
0.4209568065135438
0.6409217248305922
0.6459503897948308
0.11082676408007713
0.09690909765308456
0.41895830678481416
0.7533678013571948
0.43202041102605826
0.5688925882160751
0.4724199143182107
0.21949133732522336
0.4198614763993427
0.17854255574173045
0.086689813363411
0.4891896043825779
0.28829937749411083
0.4340513915155884
0.5534230256339083
0.2373658913071809
0.14221423605693548
0.31063162101260655
0.358863984041384
0.6715728058856892
0.4806422859772398
0.31643441636133096
0.6243877694992472
0.6466804224169264
0.5001945263152054
0.5280001752255317
0.6131298209214052
0.6512286386252597
0.4687217559038501
0.5209564643738017
0.8087789105124422
0.24815622722322184
0.6965637417934349
0.18399715039038572
0.33058923249455396
0.883503180694039
0.7917690746257828
0.7846885528402722
0.3911699191756335
0.6366956266783425
0.2037137137158337
0.24172432127808038
0.5397869260525273
0.3365567478554916
0.33844581036738464
0.9353280439193046
0.9553861101340442
0.7841037487491147
0.621987824415416
0.9201578101016117
0.818985666785863
0.7686292000195847
0.7602370593360914
0.801691999043685
0.7335237873440194
0.364622057750096
0.7380456568840199
0.42736157021754606
0.38364653948379646
0.4249315062952346
0.3154730915724564
0.35218055621600436
0.17300945254315997
0.5942395849695706
0.6422476713479596
0.6959832853614288
0.7119002065765183
0.46996144680432655
0.5398890443870732
0.432287551353036
0.5092743799311299
0.15161364153287304
0.5615790989281083
0.47195219264028615
0.6808409540938706
0.16424191615607436
0.5668769821275457
0.22600172248099348
0.6164001000446641
0.763138067339491
0.8412854733971215
0.8186434776600984
0.8316846267112432
0.6322040085985192
0.5150722689998946
0.4001684620853922
0.8614011566665031
0.7855323162358135
0.5207112739871979
0.5221720081813578
0.3269826991345846
0.4212747677818353
0.22027743089522422
0.16695112310523566
0.1606323315636146
0.2947225095328529
0.2664365358245737
0.7295633603163509
0.8616488812883537
0.7364808010078261
0.37239940137022204
0.7280565344363661
0.18868330665401406
0.2241525032987711
0.8549452284673892
0.8724221807061848
0.9050933257613201
0.414143168867292
0.8018509785837191
0.7266720752948947
0.8868438762517092
0.7881750101455725
0.7726694381340189
0.2964435974807259
0.6082787315213375
0.7542359975738651
0.4173978122316541
0.6452693081870345
0.7277914229670995
0.6764659282386253
0.6659255748288662
0.3614113393319207
0.6312260867956212
0.4273362725562031
0.6792353487079621
0.39929568845930075
0.5218153758828846
0.7058320393977752
0.5442409834884305
0.30014939745346436
0.502691700345879
0.610494276716086
0.5189444871068474
0.2987989477793914
0.6358736471756686
0.26195915216213944
0.6473249718153297
0.5068222937985679
0.7903278478903027
0.2679982637617486
0.25957439559558254
0.2670935463621599
0.7393940653621236
0.4732001600825997
0.40839217867175953
0.6631443105881367
0.11912625370115035
0.3990578885114417
0.3897194712168531
0.7894822896557421
0.7618233189580143
0.505854516794751
0.7725484982395698
0.6391217977492046
0.2299535528070937
0.3115444423227814
0.34879261689788266
0.2621202803119737
0.36681934814363876
0.4799690219284952
0.3358454391037487
0.13318274761964297
0.7422265684308064
0.20203749900779136
0.9051882207766649
0.8816933608127344
0.8231721838367443
0.9062896945316025
0.8505015500631183
0.7501912347344433
0.9242476559151588
0.6198286303134152
0.8400567666697542
0.8261885477107205
0.7755354872864556
0.795359051455178
0.7806771006259943
0.8133462678543598
0.9225909598472312
0.8008233804457782
0.386951666090349
0.4701394584509861
0.33878239016063055
0.7456442201715118
0.8121985754916019
0.7132669789013568
0.3701992918876648
0.5959683640153505
0.7120369735916581
0.8008632611551664
0.8067729849958198
0.6504485791863637
0.7711775558338049
0.5072646871938054
0.2422508143902633
0.3297909097910325
0.65912653463516
0.5182589007153808
0.6371316154100016
0.30461173492984267
0.4107307283727712
0.6476919167176707
0.3980831190455418
0.6813288993083476
0.13126277359036034
0.5516846554514957
0.42673522939273006
0.3547103433768187
0.4484066195756072
0.295779509625356
0.47102212160490264
0.7998926166591372
0.7280226203330444
0.39040902736524036
0.37811808875980907
0.4098351662379097
0.687094066481362
0.34522789260250275
0.7355145412867642
0.635597235583547
0.6368541296889332
0.7800586697885008
0.6845827331099883
0.382898978988254
0.5990010986599731
0.7080479435297192
0.7776249558277859
0.5007812856375417
0.14058120693798654
0.39639298683896124
0.5984289675437977
0.6722640496470896
0.14785561273579007
0.14288046225580234
0.3745276457940141
0.2775239629911929
0.5203226738858104
0.5051133696247577
0.4544698563982265
0.8161102045523879
0.3316840623243578
0.7384338676924372
0.17603130362151181
0.2823478338129177
0.38844753570164536
0.6569846593700818
0.7064132300201716
0.2726076409604496
0.43429896797883766
0.17137882831341766
0.5955135889072276
0.6803075410769425
0.8466336392181328
0.6301647468840462
0.6426527233787389
0.5570082406356405
0.4721439175464644
0.5359881616317725
0.7804003769199408
0.648667524352602
0.7842089440839357
0.4748021562009634
0.4574671769721232
0.7007818711212831
0.36290649096891014
0.46546278478468217
0.5662891993794774
0.6257830410101638
0.8248383048322522
0.8064134036799889
0.8832675231247765
0.7509479644323037
0.8672990770364429
0.8257978482951662
0.5115494263563048
0.5951288761884609
0.5948853547659
0.7590053472399503
0.6422280695671491
0.6309671127840896
0.25707278996034916
0.3658256505089647
0.6001920163531896
0.16477989237528537
0.17670083672412915
0.49242936369636436
0.5132503111445822
0.3418468326083586
0.388610629748232
0.4382170591437628
0.5248392176294574
0.7470561283902374
0.5663766940827064
0.5792255983859332
0.17417890553602408
0.5901651335002853
0.5595439371151735
0.18666018636411133
0.7395551776173849
0.22240023960896438
0.6807231619945615
0.3967506667820718
0.47592907895909864
0.16403431873180765
0.9217484659113286
0.6394084013879298
0.876127136185825
0.8871157353541602
0.8785880373996761
0.8668631341620278
0.5770148318665611
0.8233775261572089
0.4833578396162453
0.5416437528397221
0.8377609906928356
0.7836292314358289
0.6417822643647844
0.5826973699231445
0.5664896085459706
0.5305598351861445
0.2775811080371421
0.4997885930526482
0.3914647799224203
0.7255136851359346
0.3616602832617499
0.08634932069319633
0.6651808673478984
0.5861355633017972
0.82738919015984
0.6937457383869148
0.4305986885841382
0.6946849158575813
0.17602994166275857
0.697636597984198
0.6174850836884548
0.47997224262776106
0.2751407789744808
0.33496777207183165
0.15003107196581789
0.39589630693466205
0.4747585213114216
0.14708132813912078
0.09085486394651619
0.38144462553496317
0.08672659080357208
0.5253038105480717
0.48698819776023206
0.1477815648743239
0.7147538789910619
0.29897643630817405
0.236169947332589
0.9076966758576327
0.6883153324335638
0.8452449900980499
0.7740588613757852
0.2014743121637689
0.6351555453833837
0.7696957595915965
0.4880797278784695
0.8036385620201698
0.8119372937589536
0.516980067992313
0.8220205737249645
0.6777219019740786
0.7128511125291925
0.3809765895315365
0.688886115414438
0.4888919996193749
0.6294300708349401
0.7554604706717547
0.32358559412746035
0.34749515592940006
0.3267325539440412
0.712643003652145
0.5226263479782216
0.5446297633641479
0.6073934989319917
0.48489270340204255
0.6330126117474285
0.7445184263537047
0.3538095328353653
0.3333899528376208
0.4235205842645079
0.5832249420707807
0.20890566205504085
0.12515550093902642
0.3423645859381124
0.6457036344758301
0.5414935609581419
0.5622512113641359
0.5153921918525668
0.10071115505296017
0.4770169289532099
0.4382893743654486
0.3432582418150864
0.37859359341942245
0.33475086164639795
0.4103248688016314
0.2011562523038879
0.6284669653944632
0.5038347845109207
0.6298965399173455
0.2785577409617707
0.3941149817406783
0.08902600564081324
0.3798110301663925
0.2660791274560603
0.13707587268265572
0.24142637357062108
0.09755687037206719
0.1224385406696771
0.08493171199924167
0.07813883034401396
0.39004598831019655
0.410326592512711
0.47983883022367263
0.24046428896096994
0.4596331322696199
0.1505685080845627
0.5301823688613339
0.4639313828849437
0.3507253517235725
0.3473612322319817
0.28962747119779914
0.22612660394368056
0.7101876517932392
0.30683522280722114
0.23638381213471718
0.3364104843824413
0.2567116220691184
0.44106641733507235
0.4425602961580504
0.1909731256799166
0.33147995512849965
0.4967570927483928
0.18080511867521679
0.26030408463769944
0.3864667872656407
0.4541316443830617
0.30125546691032756
0.10251447975814602
0.1471887180885513
0.42654289373528237
0.3421398841753355
0.3810729156024525
0.3922231856543008
0.07812098110392614
0.4924130027421155
0.18910599350195603
0.19313579231395325
0.3098985237679659
0.7385382038124805
0.8090534923904825
0.47318121323681095
0.8075971172300402
0.7885272715669397
0.6821451012686996
0.8909799149827843
0.8871743710882231
0.6284964095084321
0.855651733395655
0.8053290324539016
0.3322533956853593
0.8165795001930682
0.31367968879630115
0.3933707425423734
0.8942785277759899
0.8119128902728151
0.9128620404754861
0.7837585120175125
0.6347397599060823
0.5988870507362084
0.7860266825424268
0.24300302865458676
0.8492701089096908
0.7762140318628312
0.760105671582838
0.4183536496421753
0.8072621552783068
0.2654095182919476
0.499451557264729
0.4884665748531458
0.8107493376322814
0.19302895959915178
0.696198463528866
0.5638953001171501
0.5819962228999013
0.7647083905922099
0.766638723412007
0.2814179218509866
0.6535629137943396
0.3545117257867903
0.710878266842001
0.20684348623574597
0.42828884324214705
0.3312943444654861
0.2976545077911375
0.4091078429362712
0.4481167761449552
0.28809937378863243
0.398663318861536
0.3094558837988384
0.0839888332598406
0.2752545114252737
0.34149835145709334
0.3288302548782112
0.3472564935671368
0.10977000362462465
0.385860269543319
0.7187158509709435
0.4254805312233299
0.10305920950583469
0.32074987471578004
0.36516272488388163
0.7198623250184827
0.1820145238576753
0.38045014961751117
0.1995638590572612
0.3969499568127075
0.45773759731245384
0.5754672341540179
0.4408295723549529
0.6044915301885441
0.3586346418479722
0.40668446293808375
0.3780898923010386
0.25771938411948836
0.43362661347553133
0.44418228984561703
0.2490743050991367
0.4072453669501479
0.6295434389769806
0.22675372327919388
0.1863424022319739
0.3333507873501962
0.6563911289315588
0.6758604721460056
0.2935278610696072
0.1909682248015916
0.2263815265610392
0.11586900204699692
0.3261153038925196
0.26397177671078553
0.507042890654176
0.38064421862926306
0.6365988145133017
0.3957661320793488
0.5803607110909632
0.18806114196602156
0.5915264566125907
0.5407567326308643
0.18128994228765935
0.6585597305847212
0.2937585274974689
0.2265372053366273
0.35220211380176747
0.6575532408749863
0.7122962939349942
0.3760448387723668
0.6516471047338117
0.768014322093506
0.5983062022970044
0.8771075268953041
0.23168610496547082
0.22012186510575552
0.2877311540264865
0.4638287776982475
0.5151605500322842
0.4141034271336791
0.4531459290242632
0.22677755804213248
0.0714043906563708
0.17937051937727091
0.32211681769801265
0.14283187671476352
0.12140483854495025
0.4114308384932044
0.18947627528806682
0.4038652493572874
0.1928693555651497
0.4712237204240164
0.43942591317569507
0.335967611137888
0.3478717569565007
0.3047929266619506
0.7179410583555197
0.2991530207307141
0.3978980251938303
0.4289245638635287
0.0719832907272473
0.3094930026200726
0.5430783689299583
0.3148026500012204
0.05247452167293474
0.23009823463259196
0.6415000156443754
0.42224529895011653
0.37273149678348816
0.17052263092192696
0.7269828063751039
0.15034709960545753
0.36260931349690656
0.4105059703176464
0.28798907973637283
0.19682204894698677
0.45173523711518615
0.42250940129423264
0.4878113752567727
0.23767254507543065
0.5535804232927065
0.5093093993329153
0.19638822780180953
0.39782720556217294
0.14669587508727672
0.07918389937932449
0.3853232894248496
0.21393642098699295
0.6263511751891041
0.177253112169651
0.3273641143137272
0.4778232887721197
0.1597654120114391
0.41855995544546526
0.4337826220118522
0.4926843397986796
0.2627650318823076
0.14215832017321256
0.11121469645377875
0.6077194327730211
0.4456920289268204
0.2049443475762327
0.46429790530183956
0.1725016781876839
0.38053206243360715
0.21787769892302214
0.5402183832799352
0.6281505451814042
0.4034345673663699
0.5661099547490508
0.3410946837084978
0.3563493808353472
0.14672169630191387
0.6854963480709861
0.48684308014262595
0.4439627625640444
0.5470143469169484
0.28292321626417316
0.41608783435057933
0.7257648624032171
0.33644152075738687
0.13840376202105228
0.3647290428360381
0.6944174608894248
0.7152683760595697
0.3563121987944728
0.4477172791708595
0.3994101731984544
0.2019462734598925
0.33822799561661965
0.12012822916054007
0.43330687128436307
0.40424599592593913
0.5926957280372837
0.080478907878078
0.42652990930516876
0.44660084306382025
0.07760367315804811
0.6419399593205094
0.5980822360857531
0.1357651157958582
0.4486360786667435
0.2910612172314258
0.7993203602459731
0.21694688036056947
0.5581385974971026
0.45526256909998025
0.38549889737300924
0.4466425092612644
0.4850957750910391
0.13792214179647347
0.4034193164334622
0.5094363384942792
0.22417820901403995
0.4066403690643038
0.47175019127463624
0.45527317545808793
0.3059850162693545
0.4496009985694424
0.31534880580932506
0.17458852061094457
0.7361483912747784
0.7017254729749814
0.26179703503854446
0.22546712714625786
0.3986959452720913
0.10738394876164963
0.5888679242952609
0.37994246358060246
0.25135902822186185
0.12425799015351084
0.20128464844099017
0.387819652930363
0.40360966038402846
0.2086627847461429
0.672505033479873
0.5181202628357388
0.09815072885200907
0.12031349732327673
0.33571181742340805
0.43583969371947656
0.7412055935986591
0.3327266966896032
0.4038377802754734
0.3531872024666424
0.3597429513510688
0.45971161548711936
0.41521834760030024
0.23361052154510287
0.24959066776642794
0.22785848710583895
0.13753313778909448
0.4673778566559424
0.46758331619653914
0.36690907656401295
0.3548207811612111
0.41960426360986
0.6768025677961409
0.7829787425258985
0.7703298295346368
0.7703032984545245
0.8509349699936882
0.8888500103886274
0.8328797856396231
0.6137528070391151
0.7254871807403883
0.7854229844627209
0.45814130402144837
0.4125761287467853
0.4016065751861635
0.3632147881670813
0.16536858307469965
0.2926975003822677
0.22194801770572464
0.3016645722040472
0.21545864572312737
0.23517246377141401
0.3874304073552168
0.16628102496640784
0.6106542426734927
0.20465992952686146
0.4388324842136177
0.5198987316425001
0.46440935344574097
0.4815033945155988
0.36189350730630976
0.1784124970929966
0.3766072689100502
0.8385410910152002
0.853024746658968
0.8429068711939512
0.8653484081825222
0.8538519164943981
0.8167643389407194
0.820386268097949
0.7421980844817861
0.9195587994274075
0.8496954994760053
0.8825843877406123
0.7528455642482026
0.7532636003819867
0.5307966400331777
0.38084322558142847
0.7179798085406325
0.7009676927489621
0.8833913606061924
0.7386234290933332
0.8328933086359358
0.8938821371531033
0.5745590490546506
0.6395991257943547
0.5865452864836781
0.4224114788650668
0.6133543327772026
0.5122857712653308
0.5703488869980464
0.7105289005236259
0.5137407268401838
0.4442467766986554
0.7105289005236259
0.8056241615686522
0.23496875793453756
0.6368030378736991
0.46714289433746575
0.456514894632559
0.5910985921412946
0.7233107946215145
0.7896721561531374
0.6134624040669625
0.5920876668758938
0.4486716234547173
0.7560070881701622
0.7507102025072308
0.5472666278766192
0.7729759834116485
0.5410110551424093
0.42922726483398477
0.749455321723379
0.5822548010343063
0.47627311935103905
0.39558027817570485
0.7109402200099433
0.6048242677751758
0.6933108213889749
0.7640405616313434
0.3809054943818925
0.40760841579221074
0.2945051037492771
0.4061518113817702
0.39227287612876865
0.5034725722812536
0.26963231917572317
0.34864576723591256
0.44041536299426526
0.34176249494953653
0.39604952963220535
0.17412915316288619
0.41804388582004615
0.15698668407393385
0.5130551942495806
0.11124257572604605
0.4416335261218457
0.4412338875158917
0.16905349922694846
0.7424400171618162
0.19422171667485771
0.2678562750758043
0.2841136737936662
0.38307714674905075
0.3898622384621469
0.4535180609201766
0.12056002897618506
0.3242624041804564
0.42872324818551033
0.39703609801363743
0.4618498444786225
0.6518627508743681
0.41215724210900373
0.503851668403332
0.7634731989143383
0.49571372004772024
0.26115123505126814
0.5017195723878597
0.269932154808913
0.4324566198004905
0.10120166175223694
0.47430687181719355
0.23947993419704064
0.7270579977054326
0.45164164370094345
0.7674801534011948
0.3937001017759913
0.5173389676117002
0.19703605192077953
0.7273915573649412
0.36504621102407525
0.4532827749876064
0.7305006036390908
0.2677878105461117
0.12286256883958423
0.15062347536524487
0.10217257070041676
0.2779875297736711
0.172358093850846
0.5586393125005393
0.717930334213883
0.25434908204928275
0.10303894484278545
0.6478354051072823
0.13774028281835166
0.19818243001610328
0.16346550640729401
0.4655908666330716
0.37230962744158685
0.7431710116989756
0.43374684273106223
0.8666328551859018
0.5260335150773773
0.4065363357964191
0.5737343008996719
0.6602679972102564
0.42415583809795887
0.13919754097495737
0.35076801701410937
0.6638177473482856
0.38500878959473506
0.5704967708587131
0.1798687895895327
0.8083195421236801
0.43931985276172
0.6986669235115106
0.7793529904557346
0.7643655884977434
0.8860914163212699
0.5407999361701845
0.7696005801947955
0.8192303858109617
0.408715750056014
0.548085763867698
0.8288373260406351
0.47195475846434903
0.8240255849450185
0.6944198104778243
0.5801640346446797
0.7297136692180313
0.5942444528655533
0.5988660117394906
0.7328640666863302
0.46281876823542345
0.7562140536167694
0.4176113175160793
0.17966175566405632
0.3909659822842751
0.18059416368026215
0.18767317366260483
0.3021729627094611
0.3937319081507952
0.8963486234468065
0.2947416303112562
0.6591059808671966
0.2285676480052818
0.4273612297049853
0.5096027985666478
0.8385091044517398
0.8115158302411045
0.5793720153980555
0.41821243335285124
0.5058184388114602
0.392115785915652
0.33860884844796835
0.6573867918601266
0.22725905175677996
0.24451718609166795
0.2749531986454982
0.1797038962723403
0.37357092768001826
0.6595270887395578
0.6681516639195301
0.8438571826401947
0.705255265293266
0.8417082068219806
0.4504339334622557
0.1330876403231881
0.4738586800676356
0.6158014431807997
0.7825679918921018
0.69267950261473
0.1519398589891945
0.4600910003645742
0.7158950073386422
0.4658244720185572
0.3182823872999482
0.13430653041609805
0.453902346729612
0.3105285641304395
0.5023578024404386
0.40407837060197827
0.34617062850931446
0.380676587505034
0.5033078447358512
0.8237736743904269
0.8656784400255328
0.369649463942722
0.35517087140959197
0.5184361212064377
0.10812527627423932
0.32073911853339826
0.31208143238707675
0.14282426069367601
0.46992367508651633
0.8126926096415443
0.8202140994050086
0.8065005335111722
0.8284408655317219
0.8339169869734271
0.8710265079092617
0.8652535126602344
0.8048229200365039
0.499658798511519
0.7991671181156309
0.7244081346500286
0.5988864396026715
0.8264754383739856
0.6736405431007334
0.6012122540892619
0.47903747383360584
0.7029664683534993
0.6487375445931993
0.690989806040267
0.5762197583460672
0.3453363730786466
0.8729536808157938
0.1895530863273082
0.6133326693731574
0.9058866156946462
0.246369640908555
0.3808601289659539
0.151363076816933
0.7011253993100054
0.5198707185227937
0.6358219656063333
0.7436719874805873
0.42245088936247027
0.3852427279886004
0.3228384365939444
0.4670857666451651
0.5145221792111303
0.2911188547212037
0.5117370175447072
0.11041263146767237
0.5020260362771919
0.3177530326399964
0.4320422721949742
0.33860902917073993
0.3724464330811931
0.09607148890619639
0.41130147481892815
0.4021360123388255
0.7622112470112129
0.4965401625852637
0.4672808383649131
0.8055887694237645
0.4369090314457473
0.8011873715126098
0.29975046320394966
0.5052024515430478
0.7606812557275656
0.7626120250404835
0.7147561355036928
0.9073810930289796
0.4523967909765863
0.647777688805298
0.6494502124601973
0.654026978005587
0.6976373171029404
0.1626831810537354
0.5913822554010462
0.5178676838288758
0.432081185339713
0.6274414330423266
0.6391524695353664
0.7568407625166609
0.6458369214498748
0.9012451038381935
0.7588171778857977
0.6306249190220977
0.41148077441140324
0.6752158402033915
0.6820069082868968
0.3021314739365749
0.3264081132094002
0.5565466708763958
0.7548920968501023
0.8052623370550624
0.6873983394738867
0.38617490014897504
0.36633585257902346
0.22222206042187542
0.7342221569464888
0.6450900552000721
0.448151518314726
0.2591609666212345
0.2429445839892574
0.6227068486411479
0.731874903751674
0.35694766167262687
0.6082289638699332
0.5351811348311296
0.5339865003442217
0.25999474429321545
0.5163708596360181
0.1701757638685704
0.3591654662175895
0.28056701296858355
0.3387502579360356
0.3069288684186696
0.6084716268139826
0.7574470767024968
0.3418887842678112
0.14391933374140026
0.1297470267148445
0.19203992152206822
0.32471050826320785
0.4157655176092278
0.5813274727166735
0.21998442490179201
0.3083165477703248
0.843833017767479
0.7904879497854748
0.7511574882537801
0.5973992060274619
0.7965853020162733
0.8139702148670929
0.4085529531339538
0.7114598804289753
0.7917181872764484
0.6301800179470392
0.47269514713960264
0.24809875852788102
0.5548799343080527
0.6936573735092041
0.6072112038553571
0.4249668580694857
0.5917893430865425
0.7615733927885587
0.8113814612318011
0.731746707398261
0.5937421525079067
0.5993261914201056
0.8404770682393443
0.6627156417792176
0.8122554537957228
0.7385848821341171
0.7282876955860521
0.7038351164697719
0.6233023355690658
0.4247058547037079
0.7218260206228362
0.7704803447292017
0.8314064833693634
0.5272543915357834
0.5272543915357834
0.4635196543169325
0.728491305394453
0.31739513862042
0.35565314149025473
0.3036149880633268
0.5093463771386649
0.4353767809363592
0.35236293405570845
0.28846754674808384
0.4746600415844024
0.39906509767700554
0.3787176228840752
0.15693911238604663
0.6016387487622563
0.3927335318100907
0.23914568126355293
0.42509789206945914
0.17943969909952398
0.539935794730723
0.7156005050617354
0.16116528356405782
0.4281374220326885
0.5774493424091878
0.3314004351264456
0.672403068924942
0.48467477018643856
0.3826670428941922
0.6818537179621674
0.5278376847495154
0.3425816539226092
0.3515389059154855
0.3152377471787333
0.373651012877141
0.32483376648416873
0.4542840739064626
0.7595829815613017
0.3700183272702361
0.4649657768953502
0.5921407922350133
0.2719822737815519
0.6515386331579359
0.314409738272921
0.6704382162789476
0.45262205276362166
0.4490135621731687
0.4710675524153697
0.487565813484988
0.6246799462386958
0.26843734920168694
0.18120693363342344
0.6357870440981909
0.6430674814082792
0.7970414671454162
0.34886488619870754
0.4517528431192563
0.3799836379204294
0.7993111036102654
0.5245512578860884
0.21522871196803703
0.3803098899941466
0.5988963661631105
0.5643778766767031
0.5777936033343813
0.1079752635724065
0.626557872766942
0.592021330956651
0.5165438568804407
0.6637778997992141
0.7707434172944896
0.6218528285051124
0.5270549954264324
0.6355918868361113
0.6363053082021018
0.5684390710374072
0.5674621627521841
0.1746690586906744
0.6033946563192032
0.1169331082570347
0.32749982071111977
0.13452076129757715
0.5585928797591001
0.7309033425313123
0.15467821919267608
0.39663516145751215
0.14630684891619328
0.4994783413571516
0.21334971147451987
0.13862334533099988
0.15719506022777818
0.7639761402924802
0.48880586375795554
0.5832783692201706
0.4700314713542916
0.13998720722434957
0.6072373255544536
0.3819697116692566
0.5303159136247529
0.2625534533419442
0.19640973844831164
0.6688247802176152
0.3744440979385938
0.5750963674803824
0.7327584033622062
0.47090649481086205
0.6149212910835462
0.31987196151748015
0.5029553994340761
0.6132825962990048
0.40297484588779353
0.2632795416061724
0.40536590253012794
0.5418268697212664
0.3403713025144631
0.27728583213818053
0.6974417624681855
0.538645544816195
0.729724109074878
0.6755217125115934
0.5429920240979729
0.23056062172366026
0.6491964598095451
0.33913055827837807
0.1927801555023869
0.4145203506900026
0.6135991961175649
0.5587371495470119
0.7538667288908333
0.5075978189791309
0.6857545824616054
0.43624905337865894
0.19921435222866796
0.6615454589098752
0.4215228446555056
0.3209285413639012
0.29989151234239414
0.08539160713015397
0.46264376987905903
0.576825896460509
0.5807394699128324
0.5451050615639828
0.4137376369667661
0.6367907803411955
0.35983070673353656
0.41914078586476
0.0825381045394089
0.7987617714008013
0.37310218878402523
0.35900136067514865
0.5981805526436412
0.5804631198054526
0.5348335725721016
0.47837412550991076
0.19835806794029326
0.3662679030430753
0.4299938393800725
0.5786270776020935
0.12863967023646944
0.27326919985109466
0.23694154488464197
0.307451123033862
0.2176408625863137
0.33914599595462447
0.11368734845551651
0.4471708001993793
0.08749192766830514
0.39967367852470415
0.2889034319679395
0.05792252335767166
0.41974679650908875
0.649008091802097
0.32684286964061804
0.4725104992067108
0.15798305891081965
0.3309259166089129
0.623311913391831
0.08634190612930293
0.3498077373926182
0.47311211714948925
0.3332527468107912
0.47252930297388257
0.48919429206408355
0.4092286580418259
0.45255468002479293
0.6138035100726861
0.7175383907857017
0.402555553366587
0.5380490486410442
0.3320036433611712
0.5663039669000197
0.2091228104759771
0.06217882763399964
0.298227937624082
0.356675546265992
0.6256074910137573
0.13976692992884557
0.5160717830628361
0.8025112950219705
0.5126064338961362
0.643591085100085
0.5213393301005803
0.29396183136098925
0.457439620270334
0.5298512677726592
0.6482738111995064
0.35954368997695146
0.3405092439046044
0.48814591839355653
0.125454513678411
0.6229662860959921
0.487245820100433
0.5110494111473067
0.7831962054711246
0.375577998061002
0.4144170024906186
0.4859733435566208
0.48762935026993415
0.3017829982456592
0.6966382657554118
0.07080139840849227
0.3932793210175357
0.09240704354671274
0.24113397594048017
0.35691336370454985
0.2994291462551819
0.2736534605850709
0.7130993223071344
0.5853841071521924
0.43820775370801995
0.45353462809753387
0.41174031847179293
0.3734230885824908
0.0741348246542279
0.5702624962764403
0.6298139900582442
0.2413773660146986
0.5430276075753253
0.3454535729905691
0.404380617310583
0.21063160582174856
0.41584728380134856
0.6576827283951124
0.13353506689425268
0.4301154034701713
0.40985895061164745
0.09279985718175583
0.7644071846505738
0.27413230532104726
0.1923939618954631
0.7285515424882227
0.6149287025580211
0.47256134077274475
0.5920953207156162
0.7436344214598354
0.5604028605516894
0.7005601114876305
0.5234037301873894
0.15947074555929905
0.440355615697696
0.20998925070386992
0.24433275937900087
0.6858740612069849
0.6518979598440413
0.5109775678032963
0.21602997107762772
0.6980737332539714
0.23951965584202328
0.6168335279887253
0.6797651005061475
0.18445964757299887
0.7555774580937543
0.46167988022026546
0.3565956126852859
0.20630196996083833
0.47243045687046026
0.3195194123531769
0.11928000240228476
0.2975970248517645
0.7695140035269431
0.382597943561697
0.6195270601476035
0.28573341369958527
0.539770238237495
0.5073026041087163
0.729964939616366
0.3622449210424116
0.49905600529362854
0.30402161915872494
0.2009684855874467
0.13595700155119136
0.42269770689682434
0.2466937720261855
0.4165373794787154
0.7227573443807461
0.6784394446262643
0.6043721782207552
0.44190973664059957
0.27528167331859843
0.7212817799688969
0.744979468544165
0.8387893945558053
0.6688683100709666
0.6884688664627291
0.3891912131714011
0.5496830292667281
0.7129402086036006
0.5383329429388553
0.7495109884387773
0.6619833747272856
0.4045259874250027
0.719804548344644
0.716585658066131
0.7672557302762627
0.37977013589502107
0.40682910207077627
0.3660371988584041
0.5899706066760606
0.5643353818165096
0.5897919551394328
0.4661926880923706
0.5150637603737516
0.5969886553495097
0.3344355869905113
0.6607626974915481
0.6951927124249796
0.6897089787135738
0.3734181791029116
0.40311220360512573
0.3796473562637026
0.4689466206643973
0.310727892474146
0.728182302866887
0.6497956162826607
0.2150202274092714
0.14843997289242072
0.6188734220808498
0.5940549056716723
0.42566393273830455
0.36731779144675863
0.6677801368583846
0.2148579943932634
0.11822537707204701
0.6959407320990502
0.13490068947003075
0.5576745209861041
0.2116842360891327
0.3596520333365569
0.19614547177565747
0.22120039127579466
0.330308946097981
0.4223079184707592
0.17607614081492742
0.20006973457590957
0.34838383968203024
0.3986334652161692
0.6954777954249123
0.2261408215111509
0.33069933396551116
0.1627712738766267
0.669799916805386
0.25500218794285306
0.47569179413193274
0.5429631095909783
0.3183434027441063
0.2836358864605435
0.1740465321858207
0.10669767111727096
0.5215971322335413
0.7813789419882262
0.639882073200386
0.4958493879030246
0.41666330421764247
0.16003082919261558
0.5362810730249156
0.4916621761298617
0.5640323357351028
0.38878380137758234
0.7091739664782029
0.8371787343921575
0.13024419109546914
0.3593025144114898
0.3595498876792086
0.2645699471597604
0.6469970753741547
0.2594614194181103
0.4205843921400245
0.4226863392378089
0.448970118878813
0.22590125060378255
0.5351404439947713
0.6743731096713083
0.2283699560772111
0.4128240109345486
0.4078957292852556
0.4193072473748272
0.3138742026574627
0.25653679434585763
0.7081662516686519
0.4285923249205273
0.7582363772782131
0.6656047751304799
0.604514902181593
0.4562729251443691
0.4978956670458414
0.3983816225776035
0.7491702175477373
0.6938962098437746
0.8098607042279845
0.6814742670418708
0.537726190049775
0.7801727551672203
0.18026163952762486
0.23170746256555652
0.4640856730964059
0.7467783946875152
0.8720425446243911
0.7962024990267131
0.7875062240957359
0.8225290232250819
0.6788210213453227
0.6639725672485101
0.6769461611093345
0.8297638485094313
0.3338689572232583
0.5045276532814712
0.4492054398496465
0.5624505259218626
0.5647365748497414
0.5784029814156759
0.4973199885728572
0.3030460851833701
0.3557713150677031
0.5006044748308978
0.18037067166441556
0.06544453782414689
0.30737391404385056
0.33394025734101634
0.0850545153175634
0.09049537246540594
0.4065774647425328
0.1627909766402536
0.6667091439628006
0.21780541098031678
0.13758092873100738
0.40287107691087076
0.49019236633128405
0.34366392941979973
0.23067963569620634
0.3574389935911355
0.38794343915991875
0.2259769129649324
0.0872276551301367
0.09158687925338765
0.3939678657073506
0.38394991750749324
0.38607194637640546
0.27192336382004767
0.09500202228361142
0.11127957038835347
0.2786012564863419
0.3031729902838974
0.12936017164256516
0.0810666875199398
0.32084398503036965
0.4544332102926178
0.31938138709089614
0.362922579997763
0.31593189653781223
0.17546322993675004
0.23416670257616984
0.07603013991704582
0.19614294851557343
0.16621085536291608
0.5165384747300692
0.1802359327553274
0.6028077398338667
0.31421981347898337
0.2514710589742095
0.40536616250663415
0.3274777397071857
0.40038483543294945
0.29244385373386056
0.5517276423333163
0.19691518108554584
0.21876392824256136
0.06959331474539175
0.24733841088522635
0.20115851423852252
0.6240361273698423
0.6969271570690794
0.41598259490210815
0.2717358653510242
0.43272419305369625
0.4952215253025362
0.3887984036419067
0.04627107037739407
0.31355512502639954
0.35670573776907066
0.41675543736357384
0.2451159088923768
0.16817352330697727
0.4919536143374574
0.24820246352804182
0.2931195321761925
0.7101803927100954
0.5304274268828183
0.4031424513765199
0.5028359385226052
0.8029807603674673
0.1932655693124921
0.13684740804665746
0.6657025859889709
0.0612907813174075
0.48181185891563993
0.6390301401526962
0.10566216781434426
0.3513360113807545
0.19498347642684088
0.5309464726287079
0.7082760107119402
0.4104008510981497
0.12172647479719374
0.20815927200156992
0.08262428333080346
0.34474103024452896
0.07524009864812398
0.4265203478468688
0.21498757357038706
0.08085414738640534
0.16377645873576888
0.4553484816758084
0.4509327102036444
0.2051715683956333
0.15907351267688385
0.08716713988004456
0.2700862332173683
0.2881107961156086
0.6580627869818411
0.22210185861939188
0.0939935239307132
0.3953201547276203
0.13740079051702606
0.31339390769521264
0.38226437065203506
0.5819153783474124
0.5036373228208051
0.5814251122583775
0.5230563969104579
0.32480832774537405
0.31025806537340916
0.10028105010160007
0.5921896024354603
0.6572283431287814
0.08286769490423844
0.08879363732607662
0.1188434841069651
0.1314558715047648
0.08325931273112974
0.6746966498416018
0.25821346803276907
0.15265075947175613
0.3872093936793703
0.4953611705679204
0.34543698721512384
0.39279625256051875
0.4362020052277565
0.6190614656816263
0.6861840985375011
0.2630688299928798
0.2767372078337512
0.6275933903003742
0.6700002235932345
0.5064854801258317
0.5723547149095813
0.5700329366710922
0.34887450347702886
0.1250048803912526
0.38008244604618047
0.20667025507395012
0.22883181824460028
0.17311638332824714
0.1565162484146231
0.16541064853684972
0.48285430446169636
