0.4315418293313975
0.6148125561607964
0.6257274482254268
0.7951145598794149
0.47341846616353256
0.8482014005239614
0.8030910712884292
0.575060274185107
0.8891563681790935
0.8695129087142102
0.8770616332547022
0.8892814656121204
0.5887832740218716
0.7950488555526718
0.9130870860484639
0.8648843954869054
0.40577702253895115
0.8273007451770079
0.8436908347163647
0.661771391432318
0.7316687086723188
0.8390263405470259
0.44467251881107056
0.5510865552125975
0.9369668499466209
0.8736440987311834
0.3127846007060613
0.6697903277431412
0.5650987400136029
0.2651800140617486
0.8595744359305962
0.8327237504563915
0.7155761031106669
0.9049989239814031
0.8665260755130756
0.16407117866612664
0.5830731197525243
0.9087414213073071
0.5427079255953295
0.18045737998666142
0.33682821998253976
0.32683296675003476
0.7426300612621379
0.5757888316892213
0.7753735596844487
0.53632472708929
0.6772026049169948
0.5347015368896805
0.13675201204523077
0.2594457693335457
0.12542431497431591
0.481940668462079
0.20038305063755465
0.3968997582605002
0.32050008192294477
0.49355665142074834
0.3532270877618161
0.25290433508953786
0.31245329033224334
0.40266495406388453
0.22769839936410655
0.599705775224329
0.7469664325311198
0.8705449387203608
0.46723910390555945
0.8138827335779754
0.7941928587074971
0.38054484489904217
0.879388652918807
0.8577095581143984
0.5874601586685056
0.5866464556820259
0.5918405650770436
0.6229538183311978
0.7693825849841639
0.8608238945461449
0.5633461521888815
0.6048134634485502
0.6225674451906533
0.9115742442773083
0.5734460197740627
0.5076421950097177
0.6869743362702746
0.9023352987177978
0.5686029113036954
0.6454498493074721
0.7781284100753628
0.3059091860841699
0.36422109943046493
0.37503183806483203
0.3026622724918943
0.328012017059624
0.4369658533451744
0.17317098182427637
0.2433677992929578
0.4758465189068035
0.3894050656684686
0.33233994565539593
0.5465949375357276
0.5314483244416099
0.13078226635609858
0.10723795412994425
0.3537996421440486
0.13718928555082088
0.29192267290142576
0.445476758016236
0.4982931985959573
0.4737231893238808
0.37059158911216755
0.8341423444857418
0.7736967743756649
0.8115442551339774
0.8444543950502089
0.815242982290449
0.801829660616864
0.8113729134478839
0.8512917363780487
0.8247222008039914
0.8299549262532493
0.833742512749675
0.5825970837881448
0.6218678285528993
0.8626172888346978
0.8461407226805445
0.5157943969588478
0.7632192271253353
0.7661936194138428
0.9149243995014948
0.771498692405142
0.8132009010751073
0.6884621246658795
0.7726543266819705
0.7653825873546529
0.8672962392403273
0.7352807351781716
0.48445163657150164
0.7957698808645408
0.8869791930799553
0.8328198446737252
0.7505597957004839
0.7412786854661081
0.7363682762182567
0.788226573592949
0.7621557854440169
0.847242922580584
0.5206435468663123
0.8529185489988813
0.7933897405817835
0.7976028810483534
0.671351709650615
0.510443272639997
0.7200159165942552
0.41933628540106066
0.5901668176753199
0.8604588868192882
0.8358084245739323
0.9045247841319493
0.3333657253809739
0.7408207531041733
0.8841745526153189
0.5731567725801
0.3237904542202072
0.81975639728374
0.6631446033828758
0.32291493747687566
0.5881381790351771
0.7957510832423431
0.774784967057688
0.8312865498035349
0.6206691387445202
0.8020848687059244
0.6762210748241323
0.7705471215347678
0.8916569253840945
0.5174962783553912
0.7585374063941084
0.8490573727423383
0.8871348865067906
0.7060533101473028
0.9047055617766745
0.7725534587148025
0.6973141134794079
0.5948500105008798
0.7508418417479089
0.8066022200308244
0.7647432146122964
0.30343388487189615
0.6584367220029574
0.857593383042113
0.6835501382876926
0.9127175723901493
0.7353370388748217
0.8442580620529659
0.7664380467102815
0.7602489566019456
0.7373930169145047
0.8872808137572687
0.728456949693769
0.7594884702915088
0.5484615989662223
0.7202762425226773
0.5807167130989316
0.5108823904172528
0.7779344009955724
0.4843754943985425
0.5078788751995666
0.6659308945516139
0.8348331848012895
0.752684817377886
0.7927522834383022
0.8235569344153578
0.5920270786798714
0.8126214945986413
0.7084856634697755
0.7804183658977373
0.7760302807097913
0.6936631982354488
0.7093137283172234
0.6082016470660323
0.6569658055774422
0.6329042748610448
0.7665306639308436
0.7123426682709986
0.6951778358698386
0.6828425542125283
0.5149395780519106
0.6999104572765983
0.6770812950664833
0.7681952596638378
0.7963710057025013
0.5921766794161702
0.68280526706217
0.7443476296006851
0.7482252644124252
0.6835018954285648
0.6386711032889211
0.5333203235177193
0.5149990659152232
0.582484731151042
0.7429767320957018
0.7061457074759867
0.7015246130269656
0.7573299388805778
0.8892808635357107
0.7531537530848528
0.8568942125657903
0.6858157520139895
0.42168979772646775
0.6792664873499167
0.8011370031610195
0.6305656900374867
0.5336663499863901
0.546166899562331
0.5334009223200253
0.6729963068577225
0.1571688180626494
0.5137715814595392
0.19911128556415966
0.514124943489715
0.25013140479993534
0.37668868740760847
0.42615811170773427
0.05989261625772402
0.27241169288806844
0.5573689427757427
0.41768587654492273
0.2659143170825905
0.5703678947526569
0.2861253718971913
0.1285460096108136
0.08982221438473323
0.4628061777074762
0.33254091983486445
0.24829024932712526
0.4248537259806397
0.07202966024284707
0.12896086582036573
0.27967071511089575
0.1434099503285492
0.32828929119308337
0.04292492166141682
0.43848258608874546
0.15504204849602288
0.6317979604421609
0.48827782613767196
0.40990365892844066
0.11873934060112552
0.2918980637092996
0.47333038010575157
0.330186568977062
0.33702365170178306
0.4203766888194709
0.48536587619468713
0.19914785537153726
0.6022484961619221
0.6214900238613814
0.3208736972782813
0.40474175539265733
0.1937679362803449
0.29067866352222294
0.5030508374680718
0.39765910427111983
0.06816282044351692
0.3210756425198652
0.4602093553768268
0.25241058436611274
0.17740288899884174
0.21027566414437504
0.3584334552569356
0.45022747912693334
0.30734994686829165
0.36809238613724465
0.5125290287538621
0.2596040452888267
0.0523030012706813
0.12429088765647953
0.3486390849110797
0.0765749162440339
0.1697276054758645
0.24321649310761032
0.37961504976828253
0.48221906569299533
0.0861156768798839
0.3201241560061032
0.2904533182010786
0.08080953670725238
0.18730853073773104
0.14470861138776336
0.3180395037073272
0.153179818774233
0.09914598188274788
0.22785001260739046
0.12462365414130497
0.3690351377781089
0.551187289701065
0.05348486606791778
0.2864619441255154
0.475963143816909
0.5360165751702168
0.49776366500888547
0.5140366721804124
0.5646816689231923
0.28709308613007645
0.3912036563415047
0.40468113633725833
0.41472451538109595
0.37753593214631276
0.17962400182977983
0.47311034971439
0.28761796553245883
0.5424150318843456
0.3836893101736169
0.4827761462653047
0.4995756211288369
0.31602587354388534
0.039046567605544126
0.5619037177534753
0.24865986572584942
0.3574096975097701
0.362259195343957
0.4116636240385882
0.45817066673955575
0.6554703183115765
0.6038982425454795
0.3193418686612618
0.8037970348196446
0.4415722519497752
0.7123734464359036
0.5744424530080628
0.12821758916978937
0.36391413224265046
0.2665977228437426
0.5490972133448236
0.854157157133121
0.40637182874993455
0.7821188210722244
0.6948667510273144
0.7112265550124411
0.7351307274706542
0.820540995297705
0.8326176476396354
0.9210727664307359
0.8944926502253869
0.8614142463059695
0.8965824864379537
0.5533548725122737
0.6463382066500378
0.6391152525368646
0.8836581800237977
0.5195360706238084
0.3532186856027292
0.25638113450701894
0.5166120839564224
0.370659551267275
0.3714367130167145
0.14860861102129527
0.2392235182040715
0.619869624660047
0.8677481810112875
0.6156203252772011
0.19383630281699554
0.5927235809462705
0.6246295444237188
0.24756399569093554
0.32476275026901336
0.38411758324754575
0.18860140360382058
0.3770598357302554
0.17087502281767633
0.8986452774417348
0.7967565111279165
0.793687478399933
0.20973391190982402
0.40055466215361146
0.10186337239245329
0.3553763866527114
0.624604547488915
0.1542053813931759
0.10986332988743908
0.4267859513879409
0.2535507691495486
0.8738434157544114
0.8431134019277057
0.8911211655170238
0.6036243390047966
0.336762778506928
0.26592631089846547
0.22910619864090326
0.24562566784275416
0.7193057342333965
0.8694171695405034
0.6478088296565591
0.5690492481756951
0.19085543648300451
0.881344788516904
0.18366444476227953
0.12185524845146281
0.21419759975673527
0.3133524139836761
0.8808693186765022
0.16272105876100068
0.14473568876847911
0.1589289154358176
0.6329318033936235
0.7851458713778243
0.8617256712089928
0.8263773355045599
0.8481119777616708
0.6410014389635262
0.7578590211241361
0.5564563292092559
0.7010436528107029
0.4975678473954958
0.6356321955910604
0.8679355574955379
0.8931833710578609
0.8826877943578633
0.7907037792739545
0.723083168690032
0.5972610005424015
0.28113024691423544
0.5924847022424727
0.5409771275254108
0.6965705631687245
0.8791309177266412
0.7791681390075614
0.5403755998976719
0.703506118888591
0.619686782664553
0.6255100285312976
0.5997772315456432
0.6412724107927796
0.4132834250490561
0.32754694126379796
0.3491002606732895
0.11814488325747662
0.3693009151883047
0.3844827347665374
0.5727287223543167
0.23078482434648243
0.46653353552901977
0.22715963307979206
0.3277264351291559
0.4558893855381016
0.5129596701130301
0.4047262606988962
0.3985533640132946
0.4815015925840004
0.5079827275982196
0.516366592703039
0.2682529604770651
0.1873555454522862
0.330724185984765
0.519606241258115
0.4856293584704732
0.43216518728628833
0.47052268262961994
0.462023038090654
0.5792938294346769
0.3792107342176076
0.5559355081214836
0.45343193730552606
0.38210467626230465
0.46316223158228936
0.4387676630011709
0.12797976142999767
0.39321651811498726
0.23680943158287568
0.27071643087299524
0.5364465265213272
0.21175252735573832
0.5692921689782136
0.6566187197535137
0.6798962323398404
0.8721383412486252
0.5502543335094107
0.8581425115940199
0.8277593790717696
0.9062224927033868
0.9045251736681569
0.9038520767518722
0.8217682651422634
0.8694304702184067
0.8211085068874234
0.782504672221784
0.8635054032686598
0.9087707331770295
0.4866202703252576
0.6297565789563462
0.8667047646848769
0.9113620384199748
0.9194915517253055
0.8986641253469548
0.8936421896709476
0.8460782578223247
0.6623706791303218
0.866081700757165
0.6976076747813332
0.6471960544837468
0.8106838851872196
0.7481752009874894
0.8084771820760238
0.7627701229280325
0.8302620730273996
0.8973675294783784
0.8904395006216066
0.8868359644659994
0.8630622372125856
0.7890484437115456
0.8836769225852185
0.6610036420536307
0.8952351576499796
0.453436635781571
0.848114854004362
0.7965262165624768
0.7408898286925732
0.8846286375817162
0.8225400928361162
0.8095657529417838
0.8649167732383177
0.3703954585259063
0.9143098031976261
0.8778663220662744
0.8795744376389696
0.8916322707105592
0.8618112787089799
0.4907993111488572
0.8748081635348717
0.8776628680860671
0.8801090126405484
0.5033620772395283
0.6951309427368861
0.8077665813330294
0.8254834134743192
0.7237756885718553
0.5353953535272686
0.6640924911461465
0.8017620171434969
0.36903673745967197
0.569758577125706
0.8757720627794182
0.8073148405083048
0.652358690841573
0.8734162641520706
0.7546654931194651
0.713791814678075
0.6294147381619419
0.7195103855477135
0.5668431714596599
0.7497573545048204
0.5335228522791771
0.6945540953580559
0.7127178760659751
0.6843600590816629
0.7972998044761562
0.810702452298808
0.5923212315564591
0.6013098071378605
0.6325567896645921
0.32349243241010783
0.06592459927043035
0.36404747166048906
0.2028327755444468
0.49659616027910547
0.11825749873088867
0.3096230328263475
0.49328978851709215
0.28710679961867813
0.2899787661208741
0.34797528691876073
0.28270522654129654
0.5685884934277805
0.08043951650399639
0.5192076741927907
0.1051361013205657
0.22914973313336376
0.4140680364975969
0.593199437980313
0.512085669725935
0.25136896005301496
0.1194092909617525
0.1351387751505557
0.21327599450949652
0.5239750278126443
0.17467245266047499
0.18329024931674712
0.14476567960252407
0.1407321802365019
0.36455695844274555
0.6855794284335506
0.6789846593980775
0.25787982504476165
0.4477351879646606
0.27797854350912193
0.18757271438329423
0.4772448984321412
0.6907848181345461
0.31835603285672304
0.09099204848209706
0.44082220953554396
0.5141792813303107
0.49518170281324886
0.6607401658715725
0.5197352560628524
0.24749619629500486
0.41915178330925185
0.14060191748828302
0.1841549576165329
0.06874337071032452
0.2532432744977545
0.5888826496580841
0.20569874233044305
0.5722766724567918
0.5685720015910708
0.17432038953537304
0.6273698332970737
0.5049893491983205
0.34024448719506933
0.3629916660786043
0.2838314908991267
0.6566637416280746
0.5183502826663907
0.305211604218766
0.13757239076693667
0.2642663347450034
0.5797965571112129
0.6538928758363924
0.2994272060827301
0.25791650565692503
0.5060128560936737
0.23914880268099656
0.46803518278988643
0.5882891736740414
0.2833368913181302
0.2865755597368246
0.38266475154360685
0.49802348640861716
0.20267593844705994
0.49463090208797034
0.5242814091864625
0.12266306383003026
0.08508202916335206
0.12805283112229884
0.5239215494751881
0.14326478940059878
0.28890307627893547
0.6712758954442519
0.195796843801516
0.07819568587832806
0.3469164533402121
0.5223602970386189
0.6499788293985738
0.13476587932750783
0.35074617279220843
0.18845377449075054
0.26918995691028585
0.4959439217520888
0.14441736973829067
0.26281818185260586
0.0943664998009097
0.22707908785578687
0.45816218617464705
0.09425497214686128
0.6539074025084254
0.19452273269555062
0.6883551143222701
0.10786551624727866
0.14072603594472466
0.25083220442623316
0.34221964955853307
0.12323451423449788
0.12601884559904306
0.45440898112671674
0.5479549303180337
0.2995088566139227
0.3539636785696553
0.43571527547903544
0.12320819446498658
0.32081579091798784
0.38959420463400857
0.30821440789624716
0.09593270777343962
0.16301702239543592
0.33642630046339683
0.19802833072177417
0.4761520884551488
0.4050166567779835
0.34318593354088955
0.3827318982524158
0.7918533589011628
0.2571488991874206
0.6077908931251114
0.21975311294260225
0.8086544333489072
0.8408755957437307
0.7052181266939224
0.6335953736635159
0.5347133796727788
0.6695132852181188
0.1373741310548344
0.2574132457588911
0.15742540882651823
0.889929778666337
0.8351887125872604
0.6083282616379484
0.5499520765011974
0.19642433036601442
0.37660290036086636
0.3852329604919457
0.35223228135790047
0.6660684432841658
0.9172349569651891
0.7637555333819107
0.8094679720331441
0.47285349990300024
0.8834377573264666
0.8573381716549634
0.5788509669613884
0.8949011724559195
0.8856535151994931
0.599945914959746
0.4508769521090664
0.5650581812818435
0.4523204070237154
0.5993264458939537
0.4782654780696858
0.6584743386432927
0.19711872518971904
0.38279359220026465
0.5806184314554959
0.6486406613996546
0.39984494539548104
0.6012780947035518
0.12827077378229348
0.1373255475707939
0.6245779099489005
0.33009082744515356
0.223002397156457
0.5845455409740642
0.35344285535621056
0.342862863660327
0.43336366833743173
0.26935735944698086
0.3355116161304301
0.1544340571276826
0.22580635220917417
0.8622620061231849
0.8972457000385419
0.6511081637823046
0.3835998950166722
0.380637855715436
0.35256765929635214
0.5380256336743701
0.6394058776570958
0.5041762663380532
0.5149627483356675
0.2655644986926938
0.5990276802190738
0.5332285390975029
0.5484705836857058
0.9233327226404091
0.529920720321782
0.8187196309849872
0.7778587699746935
0.7985765822553152
0.5877549250871374
0.1704970406902833
0.14823580410513532
0.3937141562622235
0.38761589594593576
0.3983569041558439
0.6489599164420461
0.47638878820438546
0.6020383078592844
0.7629130754586784
0.877000413842753
0.45837468152205696
0.8833599369558931
0.7856122251377388
0.8486905940652207
0.6778677389322018
0.8867220545602741
0.26156397363230127
0.672142338673427
0.8328311226093315
0.8557367707171337
0.8104604808662306
0.8998740709582499
0.8772815204575753
0.8275133309949964
0.7972587963829275
0.8048164904082552
0.7635244845725948
0.6526194928133605
0.4941107531997576
0.1099496841558397
0.4519343711827847
0.5201953166764434
0.42450305047540965
0.5267431384809307
0.4614245067648838
0.29049210414098636
0.32171894426520853
0.49778780652676796
0.5059103385755916
0.36755350317201446
0.4292781837370695
0.38958194753986275
0.49577601817030015
0.6167970970219545
0.5213218532873014
0.5438308713382662
0.4101568862636902
0.27525069665032226
0.4607513228857081
0.5670139324471622
0.3955870607824121
0.6263984569324087
0.2211535705519852
0.18336157707523795
0.4098804470621505
0.34664385793897645
0.5593701331656605
0.5906987722620286
0.6211381934533119
0.5841115352711386
0.5582339572254247
0.7942189684214269
0.7952835160126814
0.6013897080012958
0.46447593782115937
0.2000593120563861
0.3380583050426584
0.308012691291687
0.5934930815172749
0.5742187717400429
0.8328728346069751
0.9182931592694645
0.7012277655821363
0.6341492482688393
0.8303190280064943
0.8311694733216828
0.16152329248011807
0.3484433629916736
0.27852086731514486
0.41880217159001826
0.44882761319147163
0.4373486070007653
0.38308257678114743
0.05873432094713659
0.6030444023993169
0.2185885428923935
0.2516029322676577
0.22636203256767085
0.24516573578381093
0.43881567117483394
0.6498953269025172
0.42658515132636027
0.539628530843952
0.6122690648153091
0.5741377528452108
0.4500545136129427
0.32434466447411386
0.3998831736894802
0.42837910099931603
0.8430779344719321
0.879125791728945
0.6418532761459231
0.29254775920129233
0.5512289880404381
0.3747287713184336
0.4169872748573061
0.46161109724130467
0.24203791521141982
0.3298675573611544
0.4515176213581739
0.5195002677661829
0.28419568866013556
0.7332691106243934
0.8482186620818218
0.8673653042401619
0.8247849403080887
0.726580684907706
0.8212981695032986
0.296450497450389
0.8983162828582821
0.8675637470753925
0.8132267198551042
0.16522051036842933
0.6317989534468212
0.6171503838265788
0.4840742046190864
0.5976685045353505
0.39406744907049623
0.1504077721993812
0.4081648536074464
0.4262158645027415
0.26847111177090444
0.6186460062405047
0.20421502847994075
0.4004158576166391
0.5482846711384257
0.27746422673457505
0.28433370916542317
0.24665604386876708
0.36485559085823605
0.38876574404553554
0.219783152260869
0.34057009210209893
0.37604319562839694
0.4221915892411814
0.5037289185616517
0.4569406894912834
0.8672954373906574
0.8641249530492856
0.770964619271653
0.8426099940127788
0.8816378748470912
0.8666050494580604
0.8031910865891505
0.8842682655682985
0.6606093283850674
0.7008170768997611
0.8017486897405587
0.8987776071269469
0.7489945972703052
0.7807813945177892
0.8540021108659005
0.6274592325629821
0.8291894146193406
0.8283820093229168
0.8250016226751934
0.7872853146343626
0.8534336111470706
0.8077268799629559
0.6251037325894648
0.729024278193892
0.5233647637979182
0.8961111285274939
0.7029678384912295
0.6416230387060515
0.6255987199730475
0.510457771535421
0.7334574975221922
0.6757632660423523
0.6923999718783393
0.9115674223058501
0.7230103787914233
0.45146618692531865
0.6331458288642877
0.3917105089618576
0.5631804985402351
0.6516515748865638
0.8851461113428167
0.8267438347437281
0.7134838859908516
0.27609264017377305
0.3084379375765927
0.5338374584371599
0.3576023098392485
0.3681290876225599
0.4113306631111284
0.6487707647751765
0.26581170228921125
0.16915892130819507
0.17648120514758986
0.39037593479738436
0.31407018510907453
0.48375030590609275
0.21212820969550736
0.08262687554056411
0.4933928844815053
0.2246211140049873
0.3077474930191767
0.11086826685731965
0.6260844956044396
0.37952071242219065
0.6352267606778926
0.22688922521448965
0.6763122292490062
0.261456067876682
0.2992984734187305
0.6213539973139927
0.1167601161836424
0.19439490382669042
0.31743786531665497
0.5389670063750153
0.14867621448583251
0.3845071569108259
0.12199385827740347
0.6275412041797419
0.1956802883122108
0.43253138890191356
0.5375295120713276
0.2943576379179783
0.3015934156104812
0.5437246256319916
0.12108253131190046
0.1132946038193508
0.27646132996364436
0.3979573983827498
0.2726673381046948
0.5270753395219528
0.17177921422502707
0.14805405447733397
0.3207853485083142
0.35777128434024796
0.11599061314512228
0.3511262293916966
0.19838606995811164
0.41876698809444535
0.2665933290621015
0.19533668327727566
0.19808154226653624
0.1569442939152565
0.3966799711470733
0.5455553548347218
0.4684045857921909
0.4385891721898667
0.6151295523968339
0.6412425602103128
0.3105825568429934
0.3061450934167118
0.6518762032531625
0.4781791119872117
0.49100645471103754
0.5167711218308702
0.5752417663706502
0.19497611440896634
0.45700250147261606
0.12901233498950715
0.12468751066688875
0.5825551061702552
0.8789628314858288
0.4007513185570782
0.7004912273642723
0.4490115067848652
0.6785619662064731
0.178450536850496
0.3270280255402995
0.3697274243044408
0.27767726831912043
0.4268019520005223
0.8948475334685851
0.897172720340312
0.7813394136864784
0.5984379282553143
0.8728226627549577
0.7255948742220337
0.7462373051003742
0.795590054809237
0.7587231417072307
0.6807020524554088
0.23420150678292787
0.595089157313343
0.5288792440162594
0.1477669947564026
0.17709287822280748
0.4585982963952426
0.32125922068263657
0.3479266205819502
0.6027079244376481
0.3087549813554551
0.5386991867129861
0.6530457154486121
0.41244760090004123
0.4940645276457631
0.2989361422418899
0.34473309460249996
0.18603849440414313
0.5736851579564819
0.3526847491169028
0.4227208100608932
0.3431244717388809
0.21090850393773586
0.24734220427534315
0.45882239945459596
0.5738058658745266
0.7488799546484358
0.7764660183655056
0.655917542547968
0.3300084613905119
0.22338974122285027
0.2824631940717842
0.5477119196538633
0.6578721707896122
0.5039054103677431
0.3961970716124956
0.27713588591529015
0.41484969428598567
0.10893181874622834
0.11389812127919599
0.31169246526851924
0.20942361920330863
0.11104059616050771
0.8778225796527536
0.8146603405108631
0.6571034139858541
0.352294300952873
0.6270733514569784
0.16225927461445347
0.10362095851193726
0.5473960752725407
0.8227518624306971
0.8966045149391441
0.28385359752900163
0.763966191410346
0.44708059861422916
0.8170030407922976
0.6389184368443549
0.7923028710431
0.21959472161754284
0.6978551122352636
0.8516301582328503
0.17266197143004636
0.49542297546446984
0.6629614431788272
0.6098179494652108
0.20984510324543457
0.2555698475675852
0.2602974043693076
0.23528879431701002
0.5730392696685576
0.28618286697695855
0.27052246968117905
0.4170208524601366
0.45819890595119744
0.1457238431596258
0.2955008932093405
0.2285300109031377
0.17930097169349904
0.12412220310513271
0.41297618713719947
0.16478417544262525
0.5765799059805082
0.4256916489117247
0.27421897749291263
0.10526641339989835
0.2134148663764347
0.11108486887243021
0.3245385861630457
0.23015259279559844
0.21600261766973636
0.5809745725304323
0.1870144478612553
0.748186846836346
0.22972410796647877
0.5481322468311413
0.778736715927499
0.5469308033843935
0.8994892227168764
0.7961336873053814
0.10127494114075544
0.27966176428533446
0.3678656883320458
0.20137633769117155
0.23735707477933948
0.4118712950236766
0.321949688790075
0.17784009749525728
0.3818164716069172
0.2766966042556952
0.7780918280819265
0.8086619069425229
0.2963503165315044
0.864543144641509
0.8502815351237938
0.71805300509573
0.8080633701884024
0.8095389851165404
0.8229085431604165
0.5773927306032992
0.6074537456923308
0.7643189671545123
0.5914056314157836
0.7283765100012501
0.8158416574149139
0.7561834981449633
0.44488578321088695
0.6077233753562519
0.13906049782656424
0.7113673096879246
0.7871679512256822
0.79002019759571
0.4556284458504897
0.7939868579356633
0.656036763457882
0.8198777417738402
0.7997495632687455
0.6713625778701062
0.42303951622948266
0.3905965936840312
0.06631997829752616
0.151561693593731
0.5664651990602091
0.35152849935321107
0.3643760284017096
0.20545517487733353
0.43891932647717313
0.49314353065614985
0.36606842950031127
0.6114664833774368
0.08356750380960065
0.4326039985387674
0.3992021227692237
0.19710010549363033
0.33037260057712314
0.29234462273688855
0.43676607191495664
0.5832972824315985
0.6992784108079657
0.19695965472596244
0.22355206607711828
0.2633025439947928
0.5952007676312613
0.335452177291908
0.5452246042059964
0.32124036549388746
0.7942262993023561
0.5737373856993891
0.45361511255528575
0.2794607557482741
0.48742882460721365
0.5220432494105988
0.5268993369008437
0.5340303991805219
0.35415705666033886
0.11991925639531827
0.48914980534031716
0.5787107764639912
0.3265052835654036
0.10371512013475087
0.38544341911363333
0.17948060372057048
0.349729568231897
0.3999077210077522
0.24510582455477142
0.4878062082992822
0.38317457231570895
0.49858689492796854
0.32442987704880966
0.2903397196858637
0.32348052988384113
0.4797756970425078
0.53382233425547
0.19259579386337536
0.4117601374907054
0.22137064441895538
0.4582157241473172
0.5885383674692409
0.5244305276757701
0.3894304461972589
0.69726812929541
0.4367423011260331
0.4608623791357595
0.6650005874720393
0.5473726174648395
0.41522086468593744
0.6501583226616544
0.35690119175138346
0.5646389480576535
0.4846988670332451
0.2980509898915691
0.4710053307469631
0.4021501763889041
0.3539108267710444
0.7266664052100927
0.7133165672977223
0.8848865614905864
0.864255896828848
0.8095026247762325
0.6887504489116142
0.7234798138735236
0.5055088416578493
0.4090800258502766
0.5870536473589335
0.7177128915531723
0.6070810682186475
0.277818833428898
0.4442830634171427
0.6435031772352661
0.4217164219691399
0.49269201239596094
0.34739331923518313
0.22105334707237462
0.3625756632080792
0.3383945086708991
0.27965248012651467
0.48392157679318204
0.8439600653682975
0.46336124236612464
0.43354290138355844
0.24529109220452888
0.7277362948630697
0.6335870426621862
0.5561015486076902
0.6866735080372727
0.5220393095988402
0.5911192942445332
0.31699341991517666
0.5090366127663698
0.41474565534503993
0.7772019340393439
0.6145885124524557
0.8455455992292495
0.8149181121199968
0.6859351427930688
0.7004783439340164
0.6011372239423483
0.7266678903048206
0.6101678393578742
0.7450901691412996
0.6048458457038274
0.6493372403316026
0.5176852814454685
0.4537606300870346
0.39378458084757395
0.12400379258363582
0.23390718218895343
0.27701469955837826
0.40582846878991613
0.4058792215997694
0.45599160775339387
0.10490440270716254
0.5708027514593479
0.7424584785260626
0.4835576081794186
0.41337282815649057
0.2887714908537588
0.34294182544105695
0.3163732223212255
0.3574602005551208
0.37898349080308225
0.27796153814013747
0.2874406806942708
0.3515853045925628
0.1436710989853033
0.2708685890743183
0.33240390983447377
0.1687683207192217
0.14628121747252074
0.20450861098365175
0.14960285464686693
0.32166776193667607
0.38044563466260456
0.43781537137539484
0.8822911555613001
0.2130152332178394
0.13431780622813552
0.7735603105429241
0.6072227976905006
0.8755472319758483
0.7251793469940839
0.5368764364019807
0.5727014708565477
0.7151114213172165
0.5067492721753192
0.6778038057274788
0.6565157346957077
0.6903971788169373
0.6911780416780078
0.5373964678732255
0.5911387754006522
0.42532052866676595
0.6581293036166623
0.47672697860450497
0.4972513693441076
0.5292353119523463
0.4610418930405692
0.4468144870465602
0.44476447478949027
0.5891876061728407
0.3730500411401614
0.5359887179796237
0.5454131906499121
0.5654664450079971
0.4994120882235447
0.600305665477124
0.1930773591841962
0.10197538423023512
0.37595029063340535
0.3669399023484408
0.25154452121101584
0.267433394907207
0.12980376078711034
0.42004893728060977
0.39193710439069257
0.21647783942025828
0.44756329124839156
0.2240396829676249
0.2397867805449463
0.4679692559499354
0.1636273914506913
0.13353436373246433
0.0694292125821838
0.2036112988075286
0.07098411981249307
0.525141979155868
0.24582405256251946
0.4652967960787017
0.23424962277869996
0.18173872851952444
0.16645161919369775
0.37583824698665114
0.40384552007222446
0.10611177971197913
0.2120004176823338
0.29688085320832214
0.32051514160776146
0.07766060601908546
0.1558692423811739
0.4940627967617711
0.38307501071447003
0.45078324966200145
0.11323223950986117
0.31660323728073986
0.059524236415173466
0.23444409121777143
0.3378940486074775
0.4394539146916967
0.430148632226233
0.10792605884751025
0.08702317361754555
0.3907318833818806
0.4009741938272437
0.2602331789430301
0.17297986875531104
0.09429564062704787
0.11883295627304828
0.352167808438081
0.36422994137885634
0.3503716345753516
0.26265137842265307
0.3296020984329833
0.1976813432190301
0.48259835785289185
0.42946301107290547
0.08106092089709542
0.41562378135743105
0.11755115583458765
0.4438667570110772
0.13766448444304036
0.13756235997640687
0.4451304998097216
0.3039724790379514
0.4116346587041817
0.04956680086823772
0.1961456402270709
0.22310677365723602
0.5191691737742639
0.7555688697614715
0.4958603225908578
0.8190808740237069
0.8289815455421733
0.6581866605564564
0.4722666189246739
0.7683172537946185
0.5220039124164626
0.7800108908898208
0.8122590376016936
0.6193158090825546
0.7293547009790952
0.27373784123994516
0.3871333707666852
0.7674606274224354
0.8807167149446828
0.8078365604596525
0.5373526473793382
0.49510831613443795
0.5430865290104011
0.6263862329764844
0.22805779862001943
0.5779505051356729
0.6652012879908058
0.5289873401637167
0.6406015985545226
0.6575927972065271
0.7471827375395788
0.6162050165923253
0.6531991626555618
0.7517627054887321
0.38986430466649885
0.43648592074807635
0.47047748807657586
0.5078379853479935
0.5912474860498572
0.7071450744472154
0.5214455289655188
0.5887084122030974
0.675161039478552
0.7667129628594929
0.6857866422070021
0.5870049103012184
0.11865375968063523
0.21321767821499574
0.25034064942617523
0.1916408562878443
0.14033096147204213
0.22707037769345423
0.23370257630818286
0.07012016121019198
0.08648303768295112
0.27815659936628023
0.05275181095172799
0.06766688025477574
0.060662223692431044
0.16270802912969506
0.43504049227029085
0.18384820692045528
0.0378949840159231
0.07247699304687019
0.13202484108195828
0.35849003348473746
0.2908527096176317
0.44714018430459845
0.10462948075010957
0.15349971757683545
0.6679865216036074
0.31992281794029315
0.3730446726340983
0.24929365022111882
0.31410170375715374
0.3370216180925742
0.3461236342766584
0.0864978408972119
0.5166297400410594
0.44628598854654966
0.16493016077355188
0.3350030008618979
0.49060049947886686
0.1527069001257081
0.15801955139978816
0.16332857231294484
0.6575878022229439
0.29750395994691337
0.08344541822513195
0.051533970711476154
0.10799181448903145
0.08272431184763727
0.49683304314446736
0.08438483086663189
0.4592342556678736
0.42944775202564656
0.2937229198510673
0.35790363614428156
0.3991729491250677
0.317058863769314
0.4379934401622167
0.34578383888692193
0.2138609534175072
0.3177788741024366
0.17281286019472478
0.09584514579220936
0.16879767796167885
0.4763178894710758
0.5120543085151228
0.3968861491061301
0.3763038104050897
0.3653234950837303
0.36935187342650716
0.3442374692895359
0.08942246672291775
0.09308015300774834
0.22336465160370833
0.3863133803346569
0.11478014172180731
0.2816639598694456
0.40071762692041063
0.07943084902867861
0.0484217471764841
0.2884404601192281
0.41940542653203866
0.16364712628934555
0.24926851230464078
0.4419641729193294
0.09132220618928681
0.49898366962308877
0.08975873898093395
0.16069257078251462
0.4112366589423774
0.18869030836546255
0.4300279149653119
0.3232082809049758
0.6193834025942859
0.12975446742446556
0.5138668999253776
0.12368739480972304
0.07264381534186556
0.1712558212935752
0.5095803984697702
0.10197669478687665
0.5386180967795673
0.09506352216920222
0.5936591894632484
0.2424460195822074
0.5113817228712026
0.16728236478398062
0.4079229175666408
0.2990438289576152
0.10714174169787585
0.3039978513578778
0.17766553675297933
0.2509466989505431
0.2899713111529355
0.21387687362391605
0.41251202121128827
0.085852548236683
0.45474053197191133
0.30254632655833197
0.03952445957852679
0.33431375472380215
0.2332987807103627
0.07858500857934514
0.10044879843743944
0.05872518656743512
0.4720097996862868
0.18407809706734382
0.20186076528060493
0.3538499035517375
0.28859141310070335
0.17239502777554852
0.25962360346034347
0.3184085941758279
0.08585849648771328
0.049152832379003704
0.0262334815490731
0.1515165954562028
0.24420798120628714
0.07487608649930627
0.23940104857477118
0.2809203027807857
0.3610501778369421
0.07025977217594662
0.3303069726555952
0.3419070645775894
0.28517249174285064
0.4154281225900859
0.2584923978326767
0.45554853271394763
0.09346060434962718
0.36126670305420416
0.1306241639672194
0.22049325818809382
0.4500744310874603
0.08426971539386162
0.21956935455548188
0.42351843342670903
0.32650727697920556
0.1380651652543496
0.3155174973406444
0.35112957511385895
0.24200388821825575
0.3439723888159764
0.3283187682277787
0.2877551519420578
0.08481791434239482
0.4812557219714941
0.06136574554268115
0.24081173960701405
0.21499804014776155
0.6446592381938285
0.06917618995597297
0.30826100608409984
0.3619811151924993
0.053408715901715746
0.7230408533862367
0.39425912743302977
0.34547834791346954
0.4637351702756185
0.16860987799995317
0.42253918724142003
0.2482992813086667
0.4677790897157771
0.3272563073811639
0.17769522473743593
0.34797574292706934
0.34840998155846736
0.2540608424874227
0.3290114349244517
0.37187098102009203
0.16596325975765244
0.28446289277993253
0.44006861768903716
0.3633777942273287
0.18682628491554615
0.10865097412951918
0.3039240262238888
0.2654141173210061
0.4331756976560544
0.39190117786912393
0.09734749985532387
0.055181306460943054
0.21659028319346307
0.02857561494176978
0.2422416344279066
0.5246027153115589
0.07308411561142991
0.202735225814297
0.15239454400933033
0.2178036976416836
0.24829983381102405
0.08769513694639602
0.36458714457260166
0.3639381237282828
0.06577911409395747
0.04296631888843712
0.4531176698416896
0.3335039300780194
0.48000577043658116
0.4458330726125751
0.2883926034856674
0.30010516361682066
0.17936136606928593
0.26665337275166096
0.451297337567839
0.11230431753997011
0.353322169863895
0.19526863522002583
0.08896803848327493
0.25424703859807235
0.3751752640970481
0.22735646035520996
0.3728364665252988
0.2765703430128535
0.5913394416659417
0.7698494194945547
0.5945226593796893
0.5359641874243029
0.8856520173356287
0.6622245897074542
0.5579865662498512
0.8229923967322887
0.6656118059295644
0.54183258106721
0.6363767517017319
0.8313675016977501
0.5485484649439529
0.5028679769556866
0.38829964954851526
0.45610253386948074
0.30270629007136196
0.3232521573823414
0.34897409921149286
0.1604154794012987
0.26199946552000225
0.21161025508678236
0.39229850776451497
0.3116338875790842
0.3527810570513033
0.4131069228450722
0.4969920693992283
0.4144647775849113
0.38209910026824623
0.4268958957792369
0.44373956994525204
0.12226469536405074
0.4635393574278373
0.8914316559335349
0.881499767423507
0.8782604462918857
0.685007153401655
0.6288925422235774
0.7689846311164651
0.5554350631614864
0.8311516710091517
0.8720687994840876
0.8169656167494906
0.8779895855182845
0.5308395487946914
0.6341975090221862
0.7662625932265171
0.26198421511677644
0.6325361097770925
0.6881958224343281
0.8794261015535514
0.6633636624203271
0.8626989567937541
0.8929262925915636
0.7963143825707959
0.8188625553491291
0.5064663422545177
0.42567105238896225
0.6804186782235424
0.757699304509767
0.5029251980117156
0.8221081311322607
0.5010796093031143
0.5190141448998484
0.8221081311322607
0.72994577447348
0.18057022471667325
0.6589625857532291
0.436835439369081
0.8143896660489621
0.6232821198339125
0.8283364878509609
0.8895173816294819
0.6513655375938732
0.5818689838059026
0.5962782015691906
0.7205586658548444
0.6545195679804301
0.6925724244015838
0.8435923356774503
0.6089343249881042
0.8261214813534273
0.6849745813826473
0.7138171751815326
0.21176867075204722
0.7285513343716006
0.6270733472583823
0.6083163534500899
0.5459088816892416
0.6259210822104613
0.193292738236369
0.28646141944336234
0.12318373524193582
0.35051982806694354
0.346475706116721
0.3536448071138815
0.15856438646724402
0.6854348474991929
0.2970061095398578
0.19097031695930902
0.36887712108813164
0.30442906551225407
0.39458970403484417
0.2700909540638478
0.47734046436261734
0.17535836468512
0.3045153887475382
0.15959002911723724
0.1218264448352787
0.4688041410968537
0.36348590438413303
0.12662022992434085
0.19425810983989744
0.36915625300267324
0.38626485259697685
0.23256390782388134
0.09799788232868545
0.2642044306413732
0.3782787252863531
0.27367887646430566
0.07901148268849675
0.4290670372433983
0.15866160811317537
0.5276682891088135
0.4076057473661883
0.5240754216417782
0.154538023964498
0.4606444334542978
0.7047100727567747
0.5280930200857943
0.14409925118979744
0.3637837770905212
0.159046056203676
0.5348130261067869
0.36342162733513406
0.17303231418459153
0.15548923429194864
0.26815287862694726
0.2030945856117342
0.5850618693179632
0.19056326521620892
0.47377842585899754
0.33511633926959433
0.13132792835613896
0.12109798027751428
0.0959378400214771
0.12965413526653538
0.1892103349971288
0.34777658082892593
0.48012017308789245
0.6465156267570765
0.16757366773497895
0.10795378000655162
0.4425230916383541
0.12241145606143594
0.3338872156845024
0.12637462271852185
0.5219699613857914
0.15140463624582284
0.5670013360819948
0.1949589293289629
0.45346266426047616
0.5480336145834581
0.5284535162348786
0.43651639287182303
0.3172584726245672
0.2823557073697066
0.4154119657425918
0.3665185906820932
0.2778249011872607
0.30519477613011203
0.20413538554836758
0.3365662468523665
0.517426735320079
0.48366001388749813
0.48032794988601146
0.9082070467132629
0.7582783710954022
0.9177266107887532
0.33750601049268697
0.885388040001349
0.8343900637905888
0.34998941411447626
0.7228492595224035
0.8646055300497733
0.5013068659272814
0.7354682760741845
0.6865674461228477
0.5568317785703691
0.5793998489839915
0.6385224705344406
0.5920833194894839
0.6257869273365299
0.2844365964632068
0.6132579252694479
0.3570017915604206
0.14539855734186696
0.24111459700082574
0.35212233788936437
0.311727665386868
0.3356754729767256
0.20126975919642073
0.8957754336394097
0.26132760272126243
0.5142112929111944
0.3584005541866668
0.380064062947198
0.3219281183864832
0.7800451802165177
0.8945719550406538
0.4860109312876402
0.5242829907131278
0.5191961575091154
0.3790252955674534
0.7972301273231056
0.8430112766967872
0.19251264172641067
0.40271036573370306
0.1622247674394726
0.3413902534805843
0.25864896587450287
0.6366302923387521
0.609672864908889
0.7305143074604794
0.674595636601104
0.7935681399331641
0.3368444354073699
0.09392242590781728
0.4388657850053829
0.6927325063511044
0.5649418694986403
0.4134014420416211
0.3029418411033726
0.6881669623367704
0.5420359975930992
0.31742817286688163
0.34090208697175584
0.17601432730644798
0.5324019817242676
0.16599895862758465
0.5433922613671399
0.43134849498768385
0.3349492098737734
0.1837052641509933
0.4350567299543569
0.8724241505371804
0.6225365421817586
0.4371086538910205
0.5025011487759381
0.3590680069065914
0.40595553800072537
0.38892769871798266
0.19563914609485664
0.4508351478236661
0.26186673793634496
0.7580470311077135
0.6910646121120969
0.8558477027915188
0.7216744323170055
0.7299442171543951
0.7327275329379223
0.7262331532814874
0.8493964260755508
0.7593683783161872
0.6488254879219219
0.48347759225943526
0.7216356909618624
0.7080479133358442
0.679965902506504
0.7748970987871201
0.8117581800010665
0.6369786156833765
0.7127050427674867
0.7052849220151152
0.4632320001907382
0.7062901791149342
0.5814073153002255
0.2654959099618047
0.45025505175442426
0.44907423234318233
0.10849698538537529
0.38901674588893076
0.4086552949552518
0.47381934033197254
0.15238818022200284
0.4622372515533712
0.3647843346155604
0.31508049024749996
0.4637845439566479
0.4464254199593
0.28493865984598576
0.5393699705610506
0.3264824006458099
0.18277471396961095
0.18152236379547523
0.5509138380937542
0.11233941368713765
0.33155525223066196
0.16297575843665466
0.18065226773882564
0.11810583772630887
0.5485634388925676
0.24912920425924967
0.34459783620059353
0.6053636726530366
0.5773996174620963
0.5872560230065837
0.40888045251343913
0.6218996269299122
0.17766428667720352
0.5436635722120349
0.6881493132986107
0.613174978687808
0.5915358526199098
0.8377460567839168
0.671734131503185
0.2884355893535022
0.6003078874879134
0.6333833905902014
0.626760991923825
0.0850903806676396
0.5687390167050569
0.3217948034866477
0.5325359755845676
0.5985674711432792
0.5687781093475704
0.7450815723206335
0.7034380815089247
0.6441550452226616
0.5896209331856692
0.6192095146772333
0.40842361545250205
0.6117865589917757
0.5663553353996433
0.6290892874215562
0.718622077793932
0.5655183387220458
0.6936880599265508
0.6830271122010618
0.5670630305329791
0.5306222107699831
0.4502330140790519
0.1454586887528552
0.3688661579355296
0.406464915707033
0.3135993912093385
0.5105839760027633
0.4311876834925176
0.4803864070414533
0.4783173557714821
0.11729951519777135
0.23284334107530244
0.46071521332607124
0.37059443553351173
0.29470791168986005
0.4044819179834897
0.4309763492078009
0.5100786462955734
0.21189383298007436
0.15876727297847468
0.2691660108096961
0.4790891027218972
0.4724984165715236
0.496287084986451
0.4680830663661309
0.3909567283301703
0.42786349113267075
0.4544229447893673
0.37204173029851284
0.5197899124251331
0.23174327766038638
0.3351302491567867
0.7404970282464428
0.6579256147904832
0.6281012865308785
0.46243199992587475
0.7389567956545828
0.8266140881556405
0.678679135468449
0.5439066295786135
0.8258545102631081
0.5758990148285887
0.7092576143081405
0.39645746709356944
0.617439484967218
0.6845702952245649
0.6957374606184831
0.4967402141008906
0.6359254324372309
0.6208924351728151
0.60575249760227
0.5957527920693279
0.6551238589118534
0.6482224621943957
0.6015642574238835
0.8074450555771946
0.7221886963573795
0.7816528835387944
0.5956342917758812
0.6675065504870245
0.531419876128308
0.3792636807808339
0.44706301918396063
0.48663430221984355
0.504355453388255
0.37093215722413564
0.37093215722413564
0.42194115435520885
0.5779029176245302
0.19977742704416876
0.5226378064492764
0.15247665894108797
0.5193703857464879
0.24120870588388268
0.2456672492466694
0.17227100134524595
0.24984554620838711
0.4126388170843993
0.42435855703837627
0.11711823383820308
0.1943644878898467
0.3966982981879931
0.2824354332907832
0.23708396789140665
0.11890964116963479
0.18836395158541663
0.6296588631089616
0.4940580001010143
0.2318110869431715
0.5198839394389834
0.32149174942563485
0.5978347130229719
0.5769192376160733
0.24979250219441593
0.3585896415570816
0.15387308758571766
0.26846748959795264
0.3356398995588623
0.2660626155628453
0.3819055648595294
0.4908452270759937
0.38304112851019645
0.5809642554551185
0.32965403761728257
0.48805654658669456
0.588087246042784
0.15376274661238784
0.6929970119279115
0.313404189141883
0.5373910844428273
0.41662322382028094
0.36055654855945396
0.5661470455787749
0.3854835060934571
0.4217645179957265
0.37298164935517697
0.3245128523950423
0.2177263273811791
0.3560513524575473
0.4879538156698649
0.34264313700153465
0.24738829682993288
0.1496146341689074
0.503536477367348
0.5137535546304071
0.29886210373420286
0.284428951676913
0.505091614440517
0.6285057971562847
0.47176343689762784
0.42456076612480464
0.6577551680028858
0.6673224902945559
0.28359363928192943
0.606618129337102
0.6609628067306568
0.7151988839850224
0.6557521567980069
0.5174991930634913
0.5639780342980295
0.22179826806961525
0.5315632948298139
0.25595562051390996
0.6660009497080212
0.15407279594800358
0.4884905541789044
0.1277307334031229
0.22029565576255583
0.6000384223981583
0.17019554608856013
0.5036168319326491
0.2801220164756917
0.605530146314032
0.3566736718829539
0.08045676307277644
0.44074819397895054
0.40029540056608015
0.4991122701137321
0.19149127878096
0.476343991450568
0.5154845795984515
0.32786852118811377
0.5146821462091161
0.3926411925289667
0.1843864625083696
0.3512641647149926
0.6420947827656184
0.24518962829068597
0.4142792530596083
0.6409495580796047
0.458848355047922
0.5004906618474609
0.6358287410835284
0.6933609990492814
0.5593645281572813
0.31603781503014655
0.1861084849298442
0.5129788673196576
0.31524364165382024
0.10303800888793103
0.36484266415722744
0.5384030559607701
0.43928132949830917
0.7458991186431976
0.6118093157772874
0.4188799548878165
0.31303257046968214
0.42208981080294977
0.46692361095765017
0.10974398135267499
0.3973777848062
0.7031618139889912
0.3347239080975718
0.6317018144661196
0.40112784077888364
0.7483628019381042
0.5684502008915823
0.07511008025667423
0.36911352000398046
0.3866272927257758
0.18627307552894953
0.19558906209737406
0.09105707960708208
0.42261542803885155
0.366753735679541
0.1783293735928963
0.2577306656485235
0.4919214314961996
0.3017151773871648
0.2763795700764321
0.22122046816826135
0.08873644597444677
0.4407722001944734
0.12735723485134634
0.2891250059246425
0.2771775411211895
0.6601678487131042
0.6643391502846798
0.1870311494661051
0.24310022459645328
0.1489931973716141
0.4908123929873421
0.5551255633944621
0.11480575879036752
0.13461547934012227
0.13201272748630805
0.44212199000325564
0.18894809479372918
0.357015861662795
0.05681074616094281
0.4105424406058409
0.11002634683130309
0.3740876701626431
0.12350872444819373
0.12016024166502726
0.22894706712242743
0.36350322071419805
0.15360036313296932
0.6311518482143916
0.254331814798857
0.16824815465861684
0.41641781091670843
0.13964471833383668
0.2688482750103671
0.2150708179635253
0.17774763755531492
0.35933641048505405
0.4265824426473501
0.26668104574310225
0.41311173119793887
0.4709483669610026
0.4816139051321432
0.4630583965855075
0.5328975679817223
0.24357815803372113
0.627684354788365
0.366397468450819
0.11287628061915497
0.1423059845759846
0.1955601446674131
0.23662024981776003
0.2017129986317712
0.2309604664714186
0.5391882786685079
0.5473117252537949
0.4396403032726984
0.5071377327264334
0.45787368856918065
0.5270458297023547
0.5602587848684123
0.5100518982686468
0.1643868624481935
0.6734396139820817
0.5379929331437034
0.3373243244145894
0.3585183842525858
0.5022626737284737
0.5389557982533569
0.6336988102509636
0.497789544944715
0.5110320093858289
0.375261755459526
0.4002290094796712
0.16663505098735593
0.452698605497907
0.18319634297405316
0.2910255798524029
0.060324609381295156
0.42366046396560664
0.29151992547097116
0.400080226111991
0.4087276913351417
0.46682160750608886
0.5854589786167202
0.3234022406848061
0.27833993444669575
0.5227076018319856
0.4946495328775557
0.14404402831137716
0.49695644391551275
0.5787468990459034
0.41944330242863415
0.3658287973227614
0.24970033424878063
0.4095581721139227
0.11955515023723276
0.4272524109563552
0.38541467290024084
0.1776513211059891
0.28415665663996004
0.44286571207032793
0.08810603184267092
0.3701321328669532
0.40014903138416913
0.14854916805509982
0.7212514473142472
0.6508048993686698
0.6236805312308769
0.7785314867020456
0.5169596306769157
0.4987961720798649
0.6074017501218728
0.3672846686726147
0.13399685257703398
0.2927366974578889
0.31933819131437247
0.4179898985445515
0.46160046130864574
0.48184915736088113
0.551004126595227
0.19115295174192545
0.37564730034334676
0.14530373051030818
0.3111459984468346
0.5956252810983956
0.2583956784371951
0.6131636810308978
0.2399899568892615
0.3047559286625958
0.4442867476645992
0.5651636480230272
0.10317021002668303
0.1526690235584012
0.17312236437437567
0.43419011126125173
0.27162888929115525
0.5856912329875512
0.3783786891862848
0.5300349618354859
0.39554097535467336
0.40502260322367106
0.4592162300317782
0.39819396190152334
0.1896511892106867
0.15959335842597744
0.2701094331460584
0.4210987443598463
0.41041358829594043
0.3923874058499973
0.810719589533797
0.3940854517484345
0.6616227216382511
0.32898669015547277
0.36593921103496985
0.552940620310403
0.7535852480695647
0.349408000914194
0.7869427547318972
0.3399962153874564
0.5096057041710201
0.4012878737856224
0.4215731522163917
0.43740820592018065
0.8359860889898145
0.7838089070645773
0.38159144792202015
0.5634840112931382
0.4910080956700603
0.4522255539265981
0.27092379651262444
0.3948774891772528
0.48257743699759037
0.5128903420813287
0.5439572229809012
0.7315982627686702
0.5103455067899232
0.5802336811783281
0.4604470595197242
0.36031974696791214
0.5236362387942203
0.5554366119941032
0.421105697355084
0.3541360746216754
0.5795031030615059
0.4260551635132585
0.3596071829057034
0.5304887789182546
0.6219870340048076
0.5202136236732191
0.1129797792523313
0.1246211818075106
0.3775565019657017
0.27562348718477236
0.1601851390331652
0.19377031528466573
0.26773403516236455
0.21798798003329928
0.10797216257703071
0.671294297940927
0.06370266229873588
0.4035818634426301
0.19843098163155196
0.23533978612702794
0.2517330944814807
0.17915445786640657
0.15321772345675438
0.3192018263012785
0.0767570474403265
0.08430093029841966
0.3506005781387096
0.3060490427778016
0.40526059220168525
0.19078466932212793
0.1466368290113164
0.15731571061690613
0.45369919786172913
0.2183634150868604
0.3566163872578662
0.34890999347155305
0.17193344997707152
0.2121967924980456
0.20279440229556714
0.13357523261935775
0.3087530700238394
0.38856732705958136
0.33764750474198446
0.32862877215727515
0.3557967174133215
0.14885849612263075
0.3016229985081562
0.20828893428846953
0.3976578435402315
0.38582235484818006
0.46029425756740844
0.42543993896438465
0.28875809249854456
0.26080122729749783
0.32806680638314745
0.2552711844264446
0.2646420176295056
0.14153774051384083
0.3073098630160373
0.2327807533028048
0.378652347922547
0.11554460354199671
0.43807920626953767
0.25639058835746975
0.20290482942440827
0.2787786698949072
0.3277909727088247
0.2189298034810528
0.2842191754312599
0.3759399993885347
0.44804675493373136
0.3881813279586006
0.48236179464164236
0.724848943934306
0.5157534008338921
0.5524310144117175
0.4879493659405245
0.26522988407104314
0.5885507342281104
0.43044807280844866
0.4991423997461388
0.6409034820126107
0.5286544009127495
0.564652660494152
0.3561441364519407
0.23536264196176837
0.5183755778772031
0.5778816655954594
0.5426616618812059
0.5867459392145383
0.7137455052669384
0.7216504346843334
0.5881017386382308
0.4755072718956008
0.5484304359905273
0.6926713207904198
0.5484266522146178
0.582108658398691
0.4204993479832432
0.5873450000208706
0.556399915096622
0.3617401534868037
0.4374595246545135
0.17141235828143547
0.16634521782245892
0.28433249354535856
0.12310360768016335
0.0802042109573713
0.20378653067992808
0.2503210904937508
0.07405572276615499
0.14658071079674423
0.20017696366741228
0.08884961439368037
0.4124417289235728
0.1625065761639183
0.13737050224480504
0.23978664705661587
0.4264192871361703
0.2687590279731996
0.1421078596989022
0.21280934852636446
0.34396572622074667
0.11675594993295574
0.14176796143858306
0.0509579683547481
0.21388940152659433
0.28777775521369
0.2690264709318903
0.21990909381152354
0.10987104146895982
0.09396653673671869
0.34519068278066856
0.12110566093637677
0.1252122355383862
0.08907760741587921
0.1508771816718742
0.47382665264680385
0.27563491247870836
0.3162639105798599
0.2628309097253066
0.14812688647198752
0.2551273013126726
0.18950230620455918
0.1942568773195215
0.1743623516640375
0.458168452300278
0.21471429372630538
0.4602313968218407
0.24901083762318396
0.33190000479638754
0.23025380400665377
0.2977128175645519
0.23210062334601253
0.2466159737074213
0.38610511571614536
0.18104445947619893
0.2251495183090704
0.1226872736985858
0.1323165873789169
0.10606230998447724
0.3463739929710033
0.32568676570725963
0.1842963816029014
0.1601382468251138
0.3235147901294096
0.5122460524172533
0.34955374213935525
0.07701594763933231
0.32346219039508584
0.3206880994967512
0.1746646107428147
0.16821489111276397
0.17991225684823856
0.61787954648702
0.1912319195771836
0.32177869544540244
0.32129995795219374
0.3281681814920516
0.2506512151369973
0.3349118958324813
0.3448273429093467
0.15785566933375536
0.08623406924130449
0.3881932526661408
0.11683855189956631
0.36557736960273796
0.3815737810883948
0.0880316320990354
0.20114189673985824
0.2080356187325912
0.31166540764244993
0.30985467092570307
0.31331460851404214
0.05594283268237752
0.2915160194236112
0.10550036970364349
0.2384100975613936
0.07549614693534261
0.32889703861006436
0.20474891508188278
0.06884391402589035
0.08175561497546112
0.3335816471023125
0.3696672680417217
0.3024727856776365
0.18445421674526571
0.07664966215237995
0.09711912205736652
0.3435202111900243
0.3862712637697712
0.08841549093036534
0.08866126376738166
0.39397465796196585
0.1419831811046666
0.08108608017827028
0.15258945615027428
0.36306390111742076
0.2361322815765383
0.23841301479960286
0.417439572630792
0.17820192297991352
0.20355662980746356
0.13936518610322557
0.35340768137492623
0.2096671052507405
0.1522130018918206
0.1014809442105129
0.11663991328336741
0.08370773973211959
0.1155254232896566
0.4028662878563586
0.09582963920423732
0.03879055152230473
0.28703140097751273
0.2791402033914003
0.17287255093234877
0.20736054703448362
0.3010173043051513
0.33030341730845714
0.36187747567047823
0.04452411703557603
0.21397531445517598
0.36438791389944425
0.42995349729596344
0.37039399042473786
0.3349226652955826
0.31983445842191766
0.03814843768619705
0.10411689647546084
0.1529120064763941
0.13846632089047245
0.32060898773234786
0.11858523014529669
0.11087339223086345
0.17113652447159397
0.3215151297587942
