0.5962802270570264
0.6397281851212309
0.5754634295152523
0.7633170528672071
0.4430131919125852
0.8335623384881037
0.7845202487596592
0.5966194900903807
0.9092526049579175
0.8863481533406662
0.8633719218496871
0.7154697362933609
0.6871482240934933
0.7298987740020769
0.922662108710921
0.8569335904017243
0.5273714957095145
0.8164117536154216
0.9075694225975982
0.8252922427795292
0.8006661115830239
0.8014481207916406
0.3407651619616776
0.5604173356217155
0.9151923692763082
0.8961329809149386
0.5956723680057291
0.7044076854718159
0.6106377040984836
0.3710793479498986
0.83808519003672
0.8427366699137573
0.7461337499857897
0.8346478003390018
0.8750210279446494
0.18536692149128128
0.4983435255616638
0.8249981203110213
0.3811678056321187
0.23327364242215054
0.1723058863102646
0.3500763609838893
0.8904463368018579
0.7716707754475461
0.7946715672187794
0.580623254939534
0.7229264344123871
0.4941177915562871
0.24086233340348792
0.24916581472786883
0.2228127425817273
0.4102274734275942
0.17054168573262954
0.608158579424456
0.20180754398151263
0.6789672889521371
0.3894112489971777
0.4236532683627646
0.5195278625119447
0.5045018540770349
0.18277712621564732
0.8481443056371073
0.8614604101030101
0.8512235044616058
0.5161161534236286
0.8991102046084815
0.8965281586512596
0.40942965493932953
0.8924039499966367
0.8121715572293432
0.4447976517800001
0.6232864842076028
0.6042283660746403
0.4095711061921368
0.7957123968146147
0.8815171876931468
0.7552015738983228
0.758495586797497
0.6845319282107972
0.8368710126301474
0.43702376838111845
0.4910156388716614
0.4290162363720374
0.7199684564831231
0.5485619918737463
0.4445406625773651
0.7090760691314
0.3678056321168501
0.4170562839003108
0.3829832595742237
0.3432188274268258
0.291691911260549
0.5654185796034653
0.10431289304056254
0.4067307805507449
0.5842362918466277
0.48108204734533055
0.20259612205043828
0.5149187478654932
0.4811312760153029
0.17053449557560216
0.08609774822826646
0.4604597060396619
0.15071047734134946
0.41138173595949346
0.47792768872744823
0.3759238835045716
0.5366118388752043
0.546638633968965
0.8898589698495852
0.823910157159699
0.9043368482605868
0.8577227114777844
0.9008117602896653
0.9011970068905935
0.8274343379026214
0.8469992587131641
0.8650913287084848
0.9087017130036538
0.7792623084921234
0.81251735971164
0.6898543093853947
0.8898426643975278
0.8133164601310796
0.7769534264975527
0.7252268291838111
0.8292138406261593
0.9248852081893599
0.7839652299379365
0.8148644177371537
0.8845838408342742
0.8298417377045825
0.899291561841385
0.9399513926441577
0.7467365103921302
0.5953234984383923
0.8956938396084524
0.8758162782754614
0.9416433920261973
0.8980629317582762
0.8938491080138474
0.785670491357046
0.7734700904382948
0.8877743956022066
0.811980338565646
0.6348701725708044
0.8139623197046426
0.7743776614868216
0.8432417295352073
0.7586342233919391
0.7413455915547164
0.915438097916842
0.562136558061292
0.7776103763803465
0.7864923667354146
0.853678543671243
0.8191977460613834
0.5290214383853532
0.7853704508160857
0.857971612177951
0.7079906750682134
0.6034046041756974
0.8553950390084512
0.7378580011875169
0.5095744494646465
0.5779147376192078
0.8937247591279519
0.8644534901193043
0.8777450282186863
0.7968813540475901
0.8824013984642614
0.7302728586239777
0.870937583331698
0.8033334472627975
0.521380407547966
0.8192346275610644
0.8845110305767895
0.8559833128476528
0.8071413494488182
0.9010631988991616
0.8841200106779353
0.8220309836868273
0.6933265650458023
0.8614419368938094
0.7502488573908944
0.797519145237695
0.2728356118798165
0.7314628296126945
0.8529435852161384
0.7716838319172707
0.9313883661426555
0.8180030293058775
0.7723163247004854
0.836430506338197
0.7052173598638021
0.8571648456267493
0.911797048443123
0.8049857319480709
0.806309550064831
0.6399823120492133
0.6975055727857927
0.6736312469834187
0.644260385440928
0.7050208097870921
0.4085033478478922
0.6737507737730923
0.6925426887556498
0.8068213374627632
0.7065135169258855
0.7957209776121564
0.8089676418487528
0.549233689524948
0.7951071869306827
0.6539291627282879
0.8070334351383471
0.7874656949993489
0.791652253395514
0.7164539038428607
0.6774454073871333
0.6699925564564007
0.7326596716812857
0.6784708051740624
0.8222926380073052
0.7578404703204584
0.6671449264422286
0.5251589263064841
0.7660509293065885
0.7614470632606415
0.6607649270306364
0.7135994273382146
0.5318592767476887
0.6464541528767785
0.6592996372548002
0.7040188156553836
0.771273999216545
0.7133102326407874
0.44087420891721096
0.45086516950791455
0.4790141919643151
0.7251759011688503
0.7569852222467008
0.7552313947024445
0.7498058976240464
0.8340186570651442
0.7015878573269251
0.8000013341133085
0.7176802719596659
0.5348089544716911
0.7897125753896261
0.6991554657992951
0.7256613995837353
0.4889496919296695
0.6776084649375654
0.6690312991407986
0.7003028274230553
0.29614325755817683
0.5893199008213762
0.2529343427487577
0.5375655368024597
0.42810346927175535
0.6419896922366392
0.5488301743210594
0.15998457440502106
0.3684992230413852
0.6700020656076429
0.5554423197636922
0.27623631207625926
0.6797763874881851
0.5021111280157107
0.18610897208760027
0.3412060351497532
0.5147218103423146
0.44897055224817417
0.423472084889095
0.63761582896133
0.04594853749795162
0.36462108628123874
0.32233312606632175
0.23871303488226078
0.4484260803980707
0.04056531864239189
0.4788811624109772
0.28404687024184605
0.613250765986901
0.5404344644796653
0.5412767358744204
0.184809295395206
0.5014064058593755
0.5897384268498874
0.4768514121149753
0.41598114467515
0.3681826731443966
0.5871516170880966
0.36509212330935736
0.6797147200568158
0.641100132813028
0.43399098139697145
0.5738800528912698
0.36745638877045067
0.2839250997834906
0.3914010975429656
0.3336303134218339
0.07600331363187243
0.563731956517775
0.6046075857060176
0.40404815243758224
0.36642038690751894
0.2998064128306129
0.33934682841100017
0.5156568717365301
0.4237847075912587
0.23090749407481798
0.768420078790344
0.3760747962471227
0.05429185533017116
0.23913650714375947
0.4079241358275699
0.23362627604188535
0.41836136647575994
0.38483486437673103
0.5744403177351436
0.5760828439028548
0.21158725229896339
0.46286285902031093
0.24466375532834372
0.16962854524504561
0.3062663493104334
0.1918404932368399
0.38711871754178795
0.17597372312512505
0.0881219327666318
0.3364938218928972
0.12923609671577438
0.5451125822101869
0.5812588660166031
0.04391731756387229
0.32940025683692387
0.5105165103165282
0.6874767931408438
0.6443686799066322
0.2931839427697949
0.5711822995773809
0.36761802687768275
0.6850157279056397
0.6838719295359121
0.5021588305754325
0.4047781497988795
0.35781890352015167
0.40756432497224404
0.5049187547044847
0.6342515867108778
0.6136937215160252
0.6783582861016493
0.6719776289833501
0.3890272114985834
0.04064838983551623
0.6149593707174429
0.3691160697711431
0.16052059991278556
0.49738931096163774
0.48198418000739274
0.2708111084111571
0.513938213150308
0.5493564791029378
0.3457824515600554
0.7164943757080567
0.6015521120574661
0.7218408970539859
0.5303611061647473
0.2595867572725901
0.4325299642376428
0.3328066941517715
0.6067385248987938
0.8136470463702999
0.5951131174188037
0.7758925234757644
0.5264659333689392
0.8559528052106139
0.7758200704101925
0.7927460980412767
0.8223154955950799
0.9584178469706577
0.862601996416636
0.8322907763763283
0.8142950349455458
0.6368762696303107
0.7243992392088202
0.7106380747407985
0.7512142190507287
0.3347631804109056
0.5276196496394078
0.43107320305848634
0.41982160682867703
0.5167939718274631
0.5071828981822033
0.28427991026160887
0.20407127298818079
0.5824909919940405
0.8010853458336433
0.52664512287837
0.27617725150013783
0.5214268471505219
0.5637394681192903
0.1868146065188438
0.2982419005851092
0.43817926747745994
0.2399407941638119
0.3241006999172126
0.1384421930893173
0.8755506825803029
0.7980207906914034
0.7372945932985444
0.4304803881840832
0.7128750812847165
0.1506925133527131
0.41475573475370453
0.5541677142024926
0.344180337956912
0.22123971014282345
0.33152731001650304
0.4606175944804962
0.8535527066549102
0.8164573548053706
0.9031960639174295
0.7600897567302227
0.5927078569534724
0.370532375054935
0.2886822984523335
0.4276888575419191
0.6575899061074721
0.84426979028046
0.8088363975852086
0.6565296100386318
0.3923188465889916
0.9030411419173531
0.3118185212802762
0.1647473494423871
0.3223889806721372
0.5039830047981114
0.8272145560100251
0.3096632630089496
0.26222740192682703
0.33222642281943965
0.6682337579054763
0.897481673316368
0.8435163039618891
0.8533215860834091
0.823407206231971
0.7833180521442755
0.8160055301932129
0.6803471121281099
0.7527799098750912
0.4425869453773944
0.7279110726206326
0.9116202003874352
0.8139172126666073
0.7935403016445336
0.7015938979293163
0.4861118805043765
0.6819427665826535
0.2776256386804026
0.6859188646120096
0.48821573882627806
0.5162463007404965
0.5211896455833464
0.7854874481876104
0.43048962741389263
0.6262154840563932
0.5937842910052177
0.47738228285226064
0.5002149211685112
0.6556572333605374
0.4551401668559551
0.32253391629470757
0.4097218568674088
0.12720307794322122
0.30382661950069306
0.22296553621388052
0.6830246761389428
0.16797131767744894
0.5167950753640849
0.3952461903408234
0.15721095140669233
0.3556329384206537
0.598143376738565
0.3522169741369254
0.3780056451050964
0.3526545416578869
0.6390962935070067
0.543379911141559
0.37953093885022127
0.3055790331351715
0.14995965471042724
0.599677293069087
0.3437011098320447
0.4278469925392076
0.38555087224445816
0.5315744708254297
0.6354436131207649
0.2800852979569285
0.4662029922527738
0.323822691791715
0.3544567177910698
0.2681700363319608
0.49621425108132616
0.15831890813815555
0.5695371600402029
0.2123814172871646
0.3233536383829821
0.5787303313225747
0.261743746592304
0.7203067968457676
0.8561766052355404
0.9262065051462299
0.9016459578401892
0.6385673595958067
0.8836458297754566
0.8740613762430889
0.9225565156540763
0.9639305432426313
0.9387590096359691
0.9172864044874703
0.8790427055364999
0.8112190199069389
0.7711907021279042
0.9364091437201012
0.8873710908076642
0.5608965557407729
0.8063775627367078
0.9051811663676114
0.9547052546603324
0.9452614298178689
0.9270749464562092
0.942643185381534
0.9009780598628302
0.7436474313350964
0.9480139792760962
0.8096485834075243
0.7983267241922131
0.9112503785871523
0.8146443290753994
0.6786556826566702
0.8829574034914662
0.9215023634241721
0.8709228089047413
0.8820767693723589
0.8737115988449619
0.8612738533923919
0.8748911927283766
0.8902671705627138
0.5842744326096593
0.9072335114074532
0.7399725077808536
0.9232376820791318
0.9055698804864591
0.8181475505339798
0.8877158253795787
0.8746832931606471
0.7919406739659118
0.8903888239452691
0.6138979645772908
0.907890848237152
0.902541138547874
0.8849712626303969
0.8897214191759523
0.8770949992455384
0.5444234805012724
0.8891415007165712
0.871651763102882
0.8341653498603876
0.46315062360027537
0.6800922446907892
0.7767131370890725
0.49758440226673795
0.7253706427331309
0.5119699449014344
0.5207236561117199
0.7705952699212731
0.29128479988330946
0.42499272691172135
0.7986956588836828
0.6465214752500197
0.7797642860995804
0.7826390809184731
0.7770742851668011
0.6855790021076329
0.5905453748638381
0.8177028408746769
0.5927964033704373
0.5271889828746685
0.4984284062592816
0.7272554570532216
0.8105822104004438
0.7886327455056346
0.7644272906479186
0.7819488009814636
0.7207973836954876
0.7646638349325373
0.6459284822422667
0.3710242980440567
0.09401836805830924
0.3583636875064436
0.4440762975100332
0.6882356244490827
0.2757536597323858
0.3501985265324841
0.7057406246128026
0.3627568000813038
0.5439413418052021
0.44125033110410955
0.527455746868326
0.6008868570925904
0.15150431406452197
0.645008812893596
0.08855411877218367
0.4092269821707502
0.5776524938017314
0.5646200618862295
0.6324302831659614
0.18069452221206173
0.4139646894433715
0.2576355681029196
0.4774295423438096
0.6479014399286873
0.1542742952125449
0.283841541691751
0.1778814045226458
0.27950357552812377
0.4952473629385403
0.6840035559357541
0.6538427560388327
0.331800305401335
0.615966098147291
0.43586550061073986
0.2933790322429181
0.6340799631462701
0.68200548191415
0.18554214674008113
0.07955319235121179
0.5532368316556857
0.5697867865565359
0.4274702503305562
0.6064914288074156
0.7059524411931242
0.4060265672212513
0.5666300344609706
0.13677251732380666
0.2428806354446129
0.05560534217083641
0.3744784805523044
0.5080597042238648
0.4736886923423594
0.7801036598427864
0.6334456232618069
0.2529486105028571
0.614596110527005
0.6834472672677475
0.387039063774204
0.42775339062353485
0.383319275803689
0.6090766138236792
0.5341806110906341
0.465277147595343
0.09482921349760251
0.4120397196868848
0.7218807324781672
0.76879637307284
0.2352909204947506
0.3722210599159317
0.6020718138228911
0.23436002087511817
0.6370784180219129
0.7006917398696441
0.36807110456590747
0.21431382378684716
0.43096805366171087
0.4193540043511797
0.41664987127521036
0.697908467286698
0.46545931775471155
0.22144141145897536
0.10938318835073824
0.19436434106318617
0.4875188246059947
0.3611854852361278
0.22288902986486755
0.6696598855024828
0.13938875593758238
0.06151016344105518
0.38641935544428657
0.7033990177456015
0.6571976391317899
0.22017448381062024
0.1967607831604016
0.2870435672084733
0.41378999694780955
0.6991171079307911
0.4798043153098986
0.2705698203395291
0.04931863735372056
0.5301027991626602
0.6940801312366311
0.08881423019035423
0.607788274659935
0.15493031846494829
0.6781638912684653
0.34462750950025534
0.39429129150745773
0.19842498973728587
0.4015501495116571
0.17501012880232114
0.13761444021803784
0.6940029534142828
0.6043491462286156
0.28787173961899204
0.36936333328215587
0.6269916412260262
0.16395356877468883
0.35538670857584587
0.1674550566326377
0.41933797509280557
0.5261404917345888
0.22141096764286924
0.38652648734668554
0.19012122752657368
0.41372231531547626
0.3857477787296864
0.3958832071558706
0.19967566375394497
0.803642319796602
0.34543906024527965
0.47448115358095716
0.26739245382464033
0.8306069529946672
0.8454624133695695
0.6849039496067839
0.7823454129217402
0.49022700468760044
0.6979354054045269
0.43878060295035526
0.14916140251020873
0.31085897595957246
0.8619743249995172
0.6873438669953477
0.4914467895115839
0.697234513937385
0.20585194795878184
0.4371449896998229
0.18560947987831264
0.2712494727645337
0.5043685012948562
0.9232844149586933
0.8054710303521719
0.9371056929034743
0.5898963775493372
0.9271895632563298
0.8268239166894495
0.4895136481520115
0.8224525747801654
0.8808887412103802
0.6999908696714303
0.6034488848399818
0.6723425162624727
0.5548316773049831
0.608872012847832
0.6076138078730388
0.6332623075020708
0.2835132777311223
0.5350135183607485
0.6268129711160833
0.6643730336790709
0.44261085143758105
0.7010817265570235
0.3780912831942008
0.43541601999384183
0.6130774950081128
0.4235718587008444
0.19801238371669375
0.6057810979470198
0.3871755408199566
0.5246140227596564
0.4665045983533905
0.3874708859411428
0.5238446641274659
0.19993082931163322
0.27106317357631443
0.9079895996470783
0.8939273291983373
0.6800822916794759
0.5383457321283077
0.3632817062806197
0.49451814305850533
0.696037579441704
0.6684961634440848
0.4224877597680702
0.6218592304762139
0.5024735365071972
0.6383993958709089
0.8202061643338745
0.6841884529636505
0.9308601889514577
0.5149760687076331
0.8567815246821927
0.646396025141449
0.7644221783443549
0.6009463316612623
0.1833036034898351
0.44311443499844283
0.5907143581044962
0.41275719616397377
0.2425512324228153
0.6792701256578302
0.5579993319044904
0.8107254356453543
0.909418166548516
0.8740513205621985
0.5371594306572572
0.898071659466352
0.8680603387909591
0.800119115660806
0.725407471316417
0.8938870689526142
0.28555120539487544
0.8891589841729645
0.9030259163924155
0.8501341435459128
0.805206679822814
0.8610447565466589
0.8730902500284139
0.8544597780619311
0.8156553219329694
0.7933118582709375
0.7904173227141468
0.713009960312373
0.7099492741801106
0.11863661987204345
0.4674533611307005
0.6722846791026881
0.5742779472264432
0.5806634221722418
0.44026590733887694
0.5254723134954543
0.3627936350895755
0.6306875413406566
0.440002576274145
0.20229806907152195
0.38033071524476203
0.41215121851296127
0.40381008210399677
0.6396384047750487
0.6718223159302468
0.44198833002648963
0.6024155751464463
0.22815196992866832
0.6831610115762028
0.6290639929919978
0.42017953794930724
0.7063384447454153
0.2651452276889837
0.3467378802397406
0.35405545156466384
0.5284075286408577
0.7170750629433202
0.6357218523940296
0.6952076609373021
0.5929543687994991
0.5611286753935242
0.8526196557734598
0.7917822523107388
0.623559427225481
0.36582356891791484
0.2929421706943388
0.6357425520867495
0.5103174491179439
0.8751559937402954
0.5012525059120229
0.8790337322238317
0.9188046664991236
0.7895930470257515
0.8207095369594336
0.8354651443198562
0.7935259157721474
0.1619578492655703
0.22409909111739443
0.4737571920143552
0.7165850937739382
0.7647087147621578
0.5757656926634618
0.585575043855821
0.13069757647063898
0.5845126984646195
0.4358657666856318
0.476934245043395
0.2725096043105196
0.47077032811948216
0.36366743750634056
0.719017582573737
0.3670894103667848
0.70562461271193
0.4697805399569159
0.5554208035327887
0.5370614320836172
0.2694881698324064
0.3815530287797956
0.4823515654656253
0.8619819687580897
0.771442316431314
0.5912460986606574
0.18128502592117104
0.6595768077532161
0.5901566635167862
0.5996687896787797
0.6976173700765969
0.3473584308896138
0.3501358633823891
0.6043268380324398
0.6052914721590169
0.24425423622892253
0.7080219572889307
0.8600684555950534
0.876536464058199
0.9303946715349123
0.847579707424999
0.9027960578857666
0.4652396239912503
0.8353310653919186
0.8752676267193408
0.9186177099676895
0.3517836668591811
0.5707347136480899
0.5479852924703523
0.6333161798040398
0.686539425055516
0.38889679683289746
0.2087413296669332
0.3976375546280128
0.523242569349993
0.363770008195727
0.6847518354670947
0.3530238149993786
0.46743634730082184
0.5956106743926831
0.3758113577480835
0.380206695214717
0.3446484783818306
0.6957983390526115
0.19063623738092814
0.23344132497606931
0.25047323475516725
0.3357140096718654
0.5848067502106166
0.5504799402875707
0.5744129221174977
0.8562621235953001
0.9027541462670869
0.8643427637654391
0.8907625019557711
0.8750916202199371
0.8533452086537678
0.8146997797000314
0.8914147439855505
0.8704443318703783
0.9437921622804334
0.9181011317724032
0.9363843339332436
0.8601782143612667
0.813649825780894
0.909267981535706
0.5955077499603102
0.8923839317976072
0.8793446916401024
0.8384831114910759
0.885574951344158
0.8690912101660695
0.8640414858566768
0.7837413696072454
0.7425855984897264
0.8105811733023132
0.8825902663545471
0.815285117751872
0.7186634793190222
0.7199486650077747
0.6219599846701148
0.6911178622699146
0.6924572217232258
0.7174886284476885
0.8295961663403179
0.6433389925821014
0.4020302380623654
0.5657973118513914
0.611150495003657
0.6192512158981349
0.6600095215198569
0.715795369212071
0.7781748438050923
0.7860404294028056
0.338864473959404
0.4726992629630224
0.45681395264265856
0.4542272119897734
0.5087578633640473
0.6278583145307446
0.6765227079383069
0.23579539675657468
0.3427312539603569
0.15936041899385336
0.4737430112780768
0.3796702864831095
0.5571888218649913
0.26408232955111016
0.0702569959834196
0.6616984592589249
0.22560733060933777
0.36364813467788415
0.11824873115413395
0.6750833133853886
0.218925884203444
0.5572863527345853
0.2718318728822599
0.7741215585262078
0.4582674126194477
0.407101655691139
0.6972850687300113
0.2439859271362327
0.252993597769836
0.36932680234463
0.6088574813332617
0.2994664586113637
0.6601832970773757
0.1310122449547111
0.5429795041512915
0.3412474636903193
0.5557130768534854
0.6880200190710692
0.42572053456277764
0.6415368367945371
0.5923893860241635
0.1439739316952685
0.08478137288718045
0.45566420056544904
0.6715750426142773
0.447546480275863
0.5259046869685317
0.25323258993355835
0.21413553750379077
0.3483373628480223
0.215774850037676
0.1151409544258705
0.4630287345576233
0.24308800213927964
0.4706660947900773
0.4526200161298962
0.1502969362829685
0.13908132692870745
0.22346142018692886
0.3406830158274796
0.6538524970458892
0.48201303290056446
0.39682484389191713
0.6038620086698684
0.6070683234953193
0.3736458988912661
0.5700153239754178
0.687229145491911
0.5994064998403899
0.5236512321090105
0.5359354036029433
0.6536154366572765
0.20239936002670814
0.6089085316079412
0.20071324108012503
0.19709773535978675
0.7263847903333471
0.8922757122990993
0.6758394250614401
0.7249723376776027
0.37154501075055407
0.7224935556807971
0.1990533470895077
0.2436801803968297
0.5029963048789156
0.2706371624019939
0.3104886584068892
0.9255840286339566
0.9739818135665024
0.792871173556217
0.635938933629272
0.9142796218922373
0.8686852588643864
0.8114261445671668
0.7514599420502631
0.7828076096193474
0.6909369300368061
0.33132070690088017
0.7196026514289992
0.44175979454512
0.30296127034724424
0.39598554279514087
0.3605245285553449
0.3688507480008029
0.23666352505079943
0.7618382742052358
0.5768912101983483
0.6639174179445114
0.6586642063369651
0.5163895141082377
0.4659712034451779
0.3915419778196072
0.45684785405815076
0.1876824973668846
0.569274347824444
0.46255694149545773
0.6053221747538766
0.24006660777152017
0.4140616957258469
0.37514854502899275
0.5360386339104326
0.6976265016572512
0.7916717903506146
0.7487171043517141
0.7506123212202677
0.5415296048836669
0.3634873551680695
0.2807207573446887
0.7824790554901027
0.7323106598346794
0.5060327342677056
0.506985220576268
0.33280867635805184
0.4050844051830447
0.10877468437019747
0.10662300610815205
0.2172958067142531
0.1971708235255812
0.2342106443481595
0.7969735431119876
0.8399778974008333
0.6841161289342687
0.35011945185888116
0.6376910829004605
0.1270061655843946
0.1732845242784096
0.7949454170235856
0.8686674832728412
0.8976306872872938
0.306022539542385
0.7168486171512404
0.5753228598688046
0.8620813371243996
0.6994546748632796
0.7296842035070012
0.2648917924737634
0.6475023045981672
0.779277440129018
0.3682425798271852
0.6099968957278434
0.6680734557176818
0.6455789571693118
0.40664965138341935
0.321512015175761
0.3715082420583093
0.382924989882511
0.6566092372689087
0.42135759171137965
0.4082515200644831
0.6761343270008435
0.5425419396448176
0.22336086980972408
0.4430796897497598
0.4231548126240402
0.4472379468718999
0.2613906398513531
0.5289000639998755
0.24470750463326998
0.606964913521972
0.5558749438377963
0.4077772766241576
0.21027285163479162
0.2602760996186783
0.1831378354270241
0.6012621726592384
0.3625033079208719
0.28688041790366503
0.5930385566139611
0.12090454884150124
0.6142796808412609
0.327640808742981
0.788661371192413
0.761655878043788
0.5535821658428906
0.8310295934653065
0.6400479274206549
0.19615506191153959
0.25846846428849946
0.3067719189099825
0.19716840699172095
0.2539002212482055
0.4378267783601694
0.27974049406823154
0.10451456712984668
0.6076649039264364
0.28307385362479465
0.9086454495934257
0.9087896606746408
0.6425133943934737
0.9122417852858111
0.8545566735119146
0.7108399253595554
0.8841458249424599
0.6814836204189321
0.839905131920264
0.7573440438057745
0.7352415225882839
0.8173173874467498
0.5878163639236427
0.8704905704723861
0.8411899740697162
0.7718311378536727
0.3795977819213732
0.5250811111859807
0.21085813108888082
0.6827040567710685
0.7981936087535617
0.6612862479878003
0.5136472804626656
0.5697747833739975
0.5981593638086868
0.8342965323987839
0.7220149546496797
0.6000403968719271
0.5715890875021983
0.4646132014355614
0.14508751020351696
0.30789228667748186
0.7071065413498524
0.5477625430984484
0.40450254384515816
0.20606409349661936
0.42970588780447383
0.606873632563212
0.4215736466081166
0.6290451833262162
0.12009923827165031
0.4990754066895645
0.5023850327294883
0.30365064534184
0.42263387839762906
0.29433723681491597
0.4685170009176531
0.7012682786355855
0.6815122565053826
0.35352368904888604
0.30862468904179413
0.34820853916759514
0.6248830877726489
0.3554409598377569
0.6521546016850266
0.49212767099257443
0.7351392206273155
0.7102399520388042
0.6934993741694043
0.3468313505024497
0.5298083534201969
0.6434456908967944
0.665191243715198
0.4879766617184714
0.23621639780416662
0.26707847792781414
0.4844692966411801
0.5980870729386605
0.2509575122110947
0.1992689669562699
0.40547651128774737
0.25716944922230606
0.4371534497317059
0.49816973356791205
0.3714925371265428
0.7070808042405398
0.36210463652015257
0.6234042709846482
0.2564016950573635
0.24643464376630217
0.3245845627675166
0.531674881498184
0.658698303332403
0.2773508470777283
0.5141207778883341
0.23717701693021087
0.5305288565263216
0.6431805580923441
0.8399595363832517
0.6136294308923483
0.62256702983687
0.5987643943886674
0.5497878966119036
0.5831254154806911
0.6373840036886592
0.5481619460090433
0.7399419132747799
0.470895604214818
0.4706061878646816
0.6416400401996639
0.2805924620534711
0.4782988905701151
0.4886405673298174
0.4225715087602374
0.8398499321393219
0.8026635555088412
0.8949102232622049
0.8027910210311825
0.8689491878522037
0.8316140589107284
0.5699335899640281
0.6093445626538782
0.6063324816759996
0.6915512776423614
0.6230361506391201
0.5781345421483356
0.2289936402251277
0.5514009239031734
0.621641890649626
0.25003987247253034
0.2504560111394179
0.4345608773447789
0.4863819195730289
0.37453050021154527
0.33908630910782334
0.29465516068453307
0.47576547209719827
0.762129410102996
0.5810560047199517
0.528698281507143
0.22024251316554272
0.6435103363999237
0.5711645633941764
0.2904821307377257
0.773065013780904
0.2834789850894616
0.6336616922322541
0.42763693574547
0.5135417450544534
0.29582680832210245
0.9062701058339092
0.6337017212385827
0.8783825329356918
0.8779495278018182
0.8239128366932303
0.8456409536967359
0.6110678366238916
0.8113294542285493
0.48153780001716684
0.6249454211633155
0.7403965976933391
0.6768093693487289
0.6110407528693729
0.5437683483643818
0.544583581881526
0.334939977914943
0.28131793842905445
0.5013501334005994
0.40770396180899554
0.7076596950555697
0.4161156352115139
0.12773985607588964
0.620000738616262
0.6701766057844963
0.7750865672523477
0.5980353561353321
0.40613626522928253
0.5342954783327711
0.2724322614706948
0.45792827794391394
0.4698732924660106
0.36008332668500154
0.2858595253954328
0.2793515743046233
0.2065661741803013
0.34473628885508295
0.5252653910966849
0.13809925836699974
0.10549191357087974
0.2733718658509717
0.10846072216606646
0.5384303808318097
0.42452275980207255
0.2323727634129312
0.7819347742707544
0.32805545224145405
0.26847877140990917
0.8565472996030346
0.6350129590021939
0.8305870080668875
0.7780444489502906
0.4236391682412495
0.5309658420898369
0.7370849969500505
0.47535792228463974
0.7430059284383359
0.7064955371877635
0.5332041406199354
0.7554789666221049
0.6779231427345337
0.6764459893418745
0.4420678923530813
0.6354355331456835
0.4511242772480042
0.49876743359942494
0.6871480787130049
0.4095110919047411
0.3929946317378465
0.3936173184682595
0.6391988096719806
0.4631796499716785
0.5139654626126693
0.5016646347159315
0.4409648376979697
0.43053967170785806
0.6445995576819935
0.23656217110814848
0.1539889322141878
0.3807368378066853
0.3966929347359444
0.21997907790714352
0.1808649421416159
0.1967236550256297
0.59540487257249
0.47400532052978894
0.5584805791869569
0.46295167638091816
0.13486385889017782
0.33358119092876276
0.47040608111363
0.28208479628281646
0.2210020169946757
0.15848445471524894
0.351688911043898
0.09703162961626355
0.5963458576404858
0.45939873589239844
0.578909048375644
0.25514896058703784
0.41346533711325734
0.0978628501584298
0.3796402488539137
0.3297653582331368
0.11736129338415591
0.21364067700287834
0.1579567776616814
0.17103041872950558
0.0918491298877247
0.11797561263485602
0.351335218929775
0.4881293777344289
0.407736099104011
0.12752004937419484
0.33839460584961867
0.10541531218804562
0.4263310466121713
0.39851197130774507
0.3776590895207654
0.335233505617097
0.16302649334322977
0.18293856255546048
0.6136817284540464
0.29827243773877454
0.18394719557771605
0.24460570552077004
0.13945979288007004
0.34007362126166746
0.3907676874841261
0.2333612518768729
0.28987658205938704
0.46737179081055313
0.24701219147839254
0.20044318810480435
0.44115429453469657
0.4346089532580924
0.2922114887110513
0.18401687254184645
0.13849473600107473
0.36312225270396353
0.27434472840640356
0.24046596176813925
0.4652079159031123
0.151015153654904
0.357436387236698
0.1257160582952359
0.2261432026514687
0.2212093916723351
0.7087709911087269
0.7895264158115828
0.49613836737339073
0.8479391534298268
0.7819689639648213
0.6491600290355176
0.7898917705575574
0.8902802620847188
0.6594182619069751
0.84768575085064
0.7735049020284633
0.5069913938871635
0.7896341544770412
0.3594153641504858
0.3460336045983716
0.8371078892816318
0.8262811457189791
0.8836240449944216
0.6654368276027572
0.5607105623931938
0.5585078590165262
0.7688189330131412
0.1587270543645434
0.7143160934905022
0.7334500671133602
0.6448737487580443
0.4950187834371902
0.6942183472324124
0.4251178827907396
0.5404516065429381
0.49510740395340924
0.7546187604038266
0.23246264510788792
0.6031996922569481
0.5011371357276426
0.5892903722927639
0.6776999241546495
0.749984803675371
0.3861651553913569
0.5183361706061933
0.39092561318967006
0.7585414999790645
0.4278470398392969
0.4324284208208522
0.19870765094044998
0.377619614536707
0.41823980957388773
0.4108407788579955
0.18933524978931962
0.4352149862134001
0.47589562679459696
0.06586348413263834
0.17747867454227537
0.38963273236887286
0.29208293474299135
0.26159685659321763
0.08112633632250546
0.36334627137288344
0.6664872031933834
0.433419628287208
0.05132583239158015
0.27370626190705155
0.3121815712555141
0.5183661989324698
0.22047761872508845
0.4902095496055042
0.1682208613280983
0.3464064414682841
0.5463224853346703
0.4832434935628931
0.4070649592742832
0.4736989084923437
0.3830970468998478
0.4095014969426176
0.3835761766332378
0.18719399403802214
0.5644265745511788
0.46228866714470995
0.17028713218126224
0.4243737686000801
0.5768957597102499
0.2546263630187615
0.23587408518650682
0.23699322786610197
0.6320354500660217
0.46202655702733797
0.1612956623491779
0.10213019229516668
0.17556542284060905
0.12652358331164218
0.36163475747733415
0.21339621775706805
0.49616348350746287
0.43518835501215763
0.5123976606275271
0.37005497472716803
0.5273286212155917
0.22539337011170177
0.5438374589435444
0.45880551873352704
0.2457845838911742
0.5670720264857744
0.19080912081519305
0.11600463146942278
0.24335434342133674
0.5916043838424053
0.6380576090683056
0.37509470465076905
0.571879639865037
0.7789321102924948
0.5373507253095232
0.5975640407073115
0.1896516725156659
0.16863474892719874
0.2497674711716783
0.544273619968158
0.1579228308075313
0.4216384228838383
0.4615720120991609
0.19756172410723252
0.04577071402072124
0.2588238295196014
0.35365020744314607
0.1558586578386536
0.16331001588807842
0.44937188908529296
0.12882210202577948
0.43919497798658336
0.15109618948501102
0.26918485065282177
0.43196499516597664
0.2861671731894294
0.3985956050658163
0.3407870002982436
0.7018938057774381
0.15728148559403832
0.43343717030133677
0.36847468242798287
0.09426254938364287
0.21748157231736384
0.46652626441497486
0.1570225538293271
0.3146431499225442
0.11990117681091635
0.6436460325316031
0.3433936679944384
0.36241707967426245
0.17823813980706613
0.5443498586281733
0.2092036699105384
0.2280539118811731
0.34410341802577427
0.17726045789753697
0.2334603627330417
0.4591036630802679
0.41191742111028384
0.5036041926149171
0.1185251673404845
0.5542251783586164
0.47984738495578233
0.07764025115751519
0.4384831231462213
0.21571246410147812
0.07208815574742818
0.32328668400815075
0.1633392903010702
0.5759458309000385
0.12805151520120245
0.28852275611794365
0.4672498952348694
0.2071441215018156
0.4179031847573815
0.4530333913878324
0.5156874740350539
0.14688289063971052
0.05932267424601628
0.04710174654556239
0.3509443813208995
0.42496695706399257
0.16746820345928634
0.44190646382454063
0.23629362838825238
0.4194898477002163
0.14781244091444887
0.5031187898925203
0.4926981527160347
0.40002481805535545
0.526461713615816
0.39809019523857425
0.37136237322555266
0.07017601599861106
0.5120575370716721
0.30991596873294486
0.33629780320050845
0.522775377323437
0.1323100213773913
0.3174160066106872
0.6539815375498746
0.3876171386864621
0.13694746082720297
0.31676241606131655
0.6220721176645994
0.46077295209400176
0.3161186661541578
0.4631455865116753
0.3615274071484934
0.12764010015287677
0.3769997751239575
0.0670900657144032
0.40066908828345993
0.40182979982226447
0.545410725800421
0.10049736155990989
0.4527577056841352
0.4421022759909898
0.0858408784640245
0.664473805939788
0.5234654099141579
0.21236785964188018
0.48868421054240074
0.184204914890731
0.8039049783304358
0.271650167910408
0.49670323260947996
0.38058982309398764
0.22633412639434355
0.4125887103481541
0.36351331590707314
0.17016436706995008
0.3922396621376273
0.5281715571315039
0.1483841875034112
0.40279732613142794
0.4781940370190863
0.41741193093443907
0.18129046392489717
0.1764570113569497
0.283958825678631
0.20461812524615464
0.6950246795621914
0.5264329365538164
0.19945921281462733
0.09160521966999734
0.3709051819519105
0.046151554590505225
0.4046136118932035
0.34257020351063877
0.14778846949127616
0.14863785130412777
0.19951923015989387
0.37997400236865325
0.41667418327659855
0.16004121065195545
0.5246617770943919
0.5147522327839561
0.07393399092050311
0.046141534427163115
0.24208457497991742
0.4411075686844759
0.7234541464005232
0.3742598506369633
0.46918180332254217
0.3307667915766695
0.25664630270653793
0.3449660930165806
0.4485080445028712
0.1327119918464526
0.3065900442363896
0.21254005012769794
0.0960035013305904
0.4436613435337896
0.4933464187047587
0.28830243455855253
0.3838338025996869
0.38775170530084296
0.6465593954466576
0.7583258774059309
0.4309263618551667
0.735049746949142
0.815465315528428
0.6876650760226869
0.7332673800959413
0.7874291139366261
0.7290343076228147
0.5459535736620552
0.6452520869256565
0.7782074638078624
0.46254656899592916
0.40783061993582725
0.49961019332326206
0.5129984792565285
0.18228823375684772
0.27157238796269406
0.222481771867303
0.2517460103313518
0.17162037131161856
0.29664627475778094
0.4168271663457468
0.18457808898248385
0.5462230338988366
0.2669393932402266
0.46290152412820157
0.47257731922729795
0.44559479713974315
0.4346782849285585
0.3756742212656519
0.14771521976454358
0.4502308752230439
0.8654030492005265
0.882700976262698
0.8283529585386474
0.8064050120419828
0.7605504842476452
0.8147893753553717
0.7737247678875588
0.7424379977169037
0.922731002635098
0.8273605616992206
0.8794755714888555
0.7037638210494795
0.6946697665270671
0.5806270268217575
0.2209157568132836
0.6759903400291293
0.6474065068478788
0.8915907696760748
0.682296998782612
0.843182127595162
0.8803404660533377
0.6265422638460861
0.701639672247239
0.5198852059844903
0.43151383540886257
0.674499113725545
0.5710496313044081
0.6251088681834064
0.7623370274394684
0.4988539618121389
0.666695955628492
0.7623370274394684
0.7617765652904986
0.1227694498112701
0.5643758100308229
0.4529007150633655
0.7865504831668501
0.5204389014568959
0.7755560871092567
0.8370868340366818
0.5676966879250397
0.5223238566866514
0.4995717915034567
0.621726903318545
0.7208982025488965
0.6275400599322096
0.7974278261740446
0.5651088904495182
0.5954686276986538
0.7093640552697354
0.6214526880598658
0.3744523841619022
0.4726893920826267
0.6319344251038099
0.6465193790078985
0.594657355154976
0.782483566865787
0.274435789190428
0.42571031545438764
0.2463014612844187
0.4505771745844272
0.40517412798324076
0.5132686064465062
0.242266792895579
0.6326041398617227
0.4717487976174073
0.32180512991821236
0.4338623894475874
0.18726973534584038
0.4139526583631579
0.2394785561980769
0.5052856730568476
0.13063533452274906
0.4287154798348097
0.3092644763855697
0.12481843878228653
0.7011103087865115
0.2602546149149425
0.24414779709727447
0.26339315792228357
0.407401234137547
0.3780013480716402
0.33421890457740266
0.08195145861415082
0.32960087114649117
0.44066353213490916
0.3381573611347279
0.34430331130078545
0.6121200143276465
0.29794949266822934
0.5075625641345254
0.7054590361155462
0.5140910396127427
0.27189871202899296
0.4864591055521586
0.5664495092584301
0.4829898899800099
0.09196335597863016
0.509082109274557
0.2067261042971343
0.6585973410639253
0.4242409628787436
0.3236686420263857
0.31622019431452525
0.5068253268185324
0.18872411175347178
0.7921520964062184
0.2908075615461735
0.4825105971592845
0.5462665659227676
0.22591041270018036
0.18572134926606215
0.14698823501978256
0.11425343726218803
0.1772293728874768
0.2820765525298137
0.5223802672107786
0.6712680813473729
0.18820732980563504
0.12671439747282048
0.6417728800071772
0.13121530685571742
0.22514926592677495
0.23167673336661354
0.4787043529583978
0.2674957625203742
0.8045438389768738
0.28571664847798556
0.8488620517649288
0.5337444798938237
0.3937139348654464
0.61249075116177
0.5371434295021837
0.4085977111225938
0.21248547933541484
0.41075880970336853
0.5570766500825766
0.3889582111109878
0.4079865995269422
0.30135986576166435
0.6587422637731033
0.476079854489112
0.6015321521087081
0.8201099193004918
0.7714692373319565
0.9000755259597909
0.561980419801579
0.8215601991803184
0.7794360144701995
0.3632498591538883
0.6006139495447423
0.8456918730311708
0.43332612051273184
0.79256817491772
0.6020583886397746
0.5993480564991222
0.6903319965655579
0.6071918130851008
0.5318629922497632
0.6551625123911151
0.3640552775133304
0.693654750161392
0.4291161214425838
0.11720015745082416
0.2778666335111781
0.25086429476008304
0.20757454779536214
0.32830405523622824
0.30567856452969144
0.8279064119710297
0.24266881913423854
0.6064910028090355
0.28178547822317807
0.44690271443534296
0.43634875137421597
0.752581601177194
0.8273189186981829
0.5004154384339545
0.47304258037583174
0.46202461961165425
0.4304094596986268
0.5514028006965074
0.7756824507843885
0.18035672966752675
0.43027859549050407
0.18621291670679654
0.20818659923115523
0.3090537453890214
0.6394290785707942
0.6154668882933998
0.7565149534941357
0.6728501196326547
0.8369046918468128
0.43537056780128
0.13123237963066647
0.45024104948783294
0.6287336114215427
0.6828204958258127
0.6338703433740329
0.2004872938889828
0.54656145461162
0.6094637889515666
0.5400711000962334
0.23602810345303793
0.13644430671705524
0.5181943048353256
0.306992073292614
0.5150479283524808
0.3670364737411185
0.25583892545370834
0.34611306933213265
0.5037152204841223
0.7997611306366232
0.8083953941725172
0.4312334350165297
0.39767025893411095
0.44626378647443393
0.1526777797243213
0.35483674192929227
0.25562307804515794
0.2515663310605045
0.3626224309293271
0.7956933651000146
0.776884182119267
0.8419318290488671
0.8387572239092447
0.8252623330240233
0.8329026750811528
0.8366068510088511
0.8395762339569843
0.6384699058668092
0.7134729611432505
0.6585911003236342
0.6360478939049027
0.7331670203766052
0.5808532141759974
0.7657821499324426
0.6091491161151337
0.6913472303010807
0.6566667231842943
0.6089861659746679
0.5454520843650931
0.61335891396758
0.7347388137341339
0.3184756617462697
0.5371012563379411
0.703960808789456
0.10270958603999221
0.3893936982019005
0.2542177495841761
0.6750223113298017
0.3899935016857101
0.5898059590250803
0.5034924607795279
0.4480542755967945
0.44383412236100406
0.3873408905453671
0.37642260282246565
0.42671116824872846
0.31236078032229797
0.36126867401183665
0.15131258792626848
0.5257061420125785
0.2524376861117257
0.45325846333289993
0.219891200420729
0.3048798698660851
0.11454512289494152
0.4210977507739342
0.28934682499652664
0.669400542602488
0.5131885733694422
0.5300598530230353
0.7222809337982196
0.31590716211104036
0.7467291612602834
0.194710919942901
0.5100617549343487
0.7212243132522516
0.6496855189375379
0.6988510873000715
0.8965800970140835
0.5123914957328976
0.44575908294923067
0.6957260162921334
0.5960028706307885
0.5800293921799263
0.07785371745279998
0.6074992835629914
0.42341041735763585
0.4823837445059423
0.5976964984550291
0.6076707964420849
0.8002623257504292
0.6600161115682912
0.8038305619365548
0.7515229006789848
0.5593173030254299
0.46510504929349034
0.6200109320363517
0.5321211065653565
0.5159166312839706
0.5508800839396507
0.573559738771056
0.6658616938206743
0.7305919704146984
0.5815031636945928
0.33380830031673653
0.32257111901439767
0.12837838454534176
0.44741657364138687
0.5505088674068084
0.34023940943656333
0.30397804689070984
0.39535271294943475
0.584857205344694
0.6880244571429547
0.2821008192355683
0.42264515024829336
0.5243180627753045
0.4744095679928263
0.23837388330586462
0.48892441106791057
0.2231516630014705
0.30734476357445906
0.2447292362778891
0.16768384725532612
0.23921452032272725
0.565208708451683
0.5999588711298344
0.37580776294290263
0.29254444219174497
0.21658919417545253
0.26386635005903686
0.3592542493984015
0.34615802462558765
0.5758083652121182
0.1862009390261277
0.2977611752137973
0.83037059679566
0.7789251167441069
0.6639906237646978
0.614217990144221
0.7902843293291343
0.8358738869451828
0.5646462172957998
0.6072766914641996
0.8245808513839511
0.685048305165018
0.6241032810195509
0.2946055616193303
0.5539783720645848
0.6741025422432715
0.6183576166447592
0.5185884610980201
0.5700722117002008
0.615803483260012
0.7243229256649387
0.6027640064180548
0.6812205957112885
0.5848594090216797
0.7941090136974495
0.7103130078336555
0.7177463347500861
0.7800708239726889
0.5781734965894725
0.6471189479319363
0.5911536903704924
0.43150714505969573
0.6602869458926048
0.735332147629224
0.6941422393758536
0.5002430193880208
0.5002430193880208
0.447274676146399
0.6177230230273705
0.26712128947236913
0.47284243998094744
0.2096913384148333
0.5451146124640442
0.35935226008341564
0.23445011304999716
0.2193836764476514
0.46006929885711895
0.4175073731058423
0.38246856824096204
0.10876292654868935
0.46177359772806265
0.39569440412288476
0.24062788164477156
0.38380246799017664
0.09413740481434851
0.4263680497465151
0.673174471054419
0.2257690509345388
0.35455256623925574
0.5403424664331119
0.31926506471184574
0.5276904505293405
0.45752647612727393
0.3345794969221274
0.4583258869048041
0.40760588252607144
0.30853066543939484
0.3926968061853908
0.30167254074945665
0.39003360686698396
0.4162490743238372
0.386171516429941
0.7224915396403775
0.39110794495779594
0.545774431489555
0.5446590761172926
0.20991911264284827
0.7322941228167457
0.27473813326429725
0.55745590143013
0.4434846731085385
0.4549609325191323
0.5048409034857527
0.4220546659586609
0.4849603896567314
0.3388291275472364
0.22879645293433976
0.43333568593774174
0.48576164559755075
0.65057254980557
0.3286016174208842
0.3390294183412187
0.3307909365724666
0.6124223620043907
0.5987097514912839
0.29922458853210354
0.3336052171492963
0.5463523694816356
0.573938078091856
0.4170475287883676
0.20260361301021587
0.5518712559593009
0.6094004707266352
0.4012257320642207
0.4987693191264873
0.604452552942481
0.587948074956103
0.5044176076221583
0.4840721799224814
0.48717644027441764
0.4080771834739134
0.5413739566721852
0.18779140106651313
0.5519614524757321
0.17668752343087515
0.4203088747994335
0.08054018210685221
0.43876003579022615
0.6754313177189115
0.13009650417260046
0.5368113023396673
0.27535617752242664
0.5729744445069905
0.3855573000991693
0.156479134648621
0.22992784478158895
0.6479670864089283
0.4815696651283702
0.30449888459793345
0.4644120882644039
0.28805859311846366
0.4508331802908563
0.35241491573627776
0.4599732926593472
0.15846494518397777
0.28053116379619375
0.6456378243080534
0.3166880572561765
0.49344663140724043
0.6722644058692847
0.42920057402961254
0.5522654412611758
0.48909197032749113
0.49962981101372456
0.579523718320649
0.34827217890279816
0.2573401996775133
0.4755362486939439
0.469528451102319
0.1581908095954975
0.2804913880882959
0.5777817723294443
0.5065067793263032
0.759173326273521
0.5998058401554794
0.49311829848183003
0.30136575793027975
0.6429403007252595
0.33370294281183477
0.12326180650605127
0.40298330413959393
0.6989897188724541
0.46536589753885327
0.740066773062984
0.5526730685853478
0.7101403865163262
0.4971445270326396
0.14677460514561083
0.5756082005577637
0.45056840105110013
0.24888207179943164
0.36086228072697435
0.12306620767463444
0.44596487453532785
0.49282023382033624
0.455039420953367
0.5835257184868426
0.5848823785567725
0.5759592933749234
0.40983848914818677
0.26901507621020126
0.06442770135942172
0.6013601671513032
0.2284874712979083
0.3278422570602295
0.5011703648333465
0.5497280829384064
0.6395946922485063
0.3170291446010219
0.30468439795741115
0.24663400934756521
0.4965638208762247
0.5198335316548646
0.1341783859398784
0.24471915504491037
0.19790226311700929
0.4173006233552226
0.22882724979697389
0.40032492751488225
0.1367379896819369
0.4392573950342278
0.09708791897459972
0.3564315824857457
0.22044468107055282
0.11814195404219312
0.27662837262537426
0.5156898106456949
0.2631424228899223
0.6114831137877751
0.1847377264877015
0.24924987575578436
0.6052418676319705
0.11424173662792478
0.31598862023222857
0.37676227326339956
0.26198121029481847
0.43544981636780744
0.5462367240263252
0.4155775890477203
0.4694630109156867
0.5767018353443017
0.5145696426172419
0.4544269338130327
0.5759266325571536
0.3488516517489858
0.6621279145422962
0.2370838567267567
0.05888561633712498
0.27993276422958585
0.2778504268353344
0.4382272973907714
0.20362399529760114
0.36442522644718045
0.577047752348905
0.5307106051788512
0.6667756741065923
0.42792804611089896
0.4140596479548071
0.5558784163312491
0.5611054478338269
0.6088480029773959
0.289712363298188
0.5355597898706622
0.4786340174088612
0.22533030398262927
0.5641765932029696
0.46033527819644643
0.5598649664582662
0.7081652954013002
0.4860334369411592
0.48055958930977954
0.4588784475289922
0.479604546499081
0.2394500790913527
0.5842536407726256
0.12373931878528789
0.35353235974256425
0.12575786348011253
0.2950568075940181
0.3853445577125077
0.3236438126730992
0.32228486176633975
0.5073429863764168
0.630356188947328
0.3233976093683015
0.3850997836848853
0.47534171508065937
0.43718533201963056
0.08401557837010425
0.561629016598131
0.49054029334710864
0.3390452016764789
0.6146796662198786
0.2829332155048631
0.36558808026151907
0.11704158685380414
0.41620027849832913
0.6361522293257965
0.13317590474648117
0.4073542039604556
0.38476909461432424
0.06881258601630477
0.5971360869230241
0.35235380113874604
0.22675788765617558
0.7175114301248023
0.6642723662154837
0.5492763318192357
0.7110221774642685
0.6395937175219594
0.4494041236806694
0.6644569632013019
0.4835773256835926
0.16059477952638573
0.34294383424142644
0.274188142322376
0.32367837500068325
0.6413198544308972
0.5937380308122818
0.4935606021374954
0.1506768064952601
0.541373012447856
0.20860546626918783
0.5244909440370301
0.7111225856960829
0.2112307685549787
0.5825032226323056
0.35668717217864426
0.3565886296249542
0.3039903548512405
0.4939570685467495
0.24477276864244044
0.08167536679387936
0.25929591906641886
0.5846243867146602
0.3118504135718506
0.45187815131619924
0.26270992256665493
0.495168346728496
0.38872769390782375
0.657620739305228
0.3570734489867064
0.4113574085433705
0.27270973991130526
0.1311356025529775
0.2063657523083766
0.4241562345586472
0.3132553174976056
0.38569133223656155
0.7200037455411004
0.5904347214981464
0.6237519326930454
0.3603828718402923
0.3955076661251557
0.7258038014567078
0.7108749229985846
0.4845408654324124
0.6985275531384126
0.5308694080815549
0.45047140299129534
0.406382282751143
0.6421015644926751
0.45592887832578716
0.7226478045409482
0.7010270362057668
0.37998699320437485
0.6405500634846821
0.5704314851324142
0.6323970574070199
0.3963932002800124
0.37012012337922834
0.38998044312457864
0.5919432728748754
0.45115602841057695
0.5638187230594222
0.43083786717952227
0.4742914684005367
0.4831544653901648
0.3821347119571254
0.6146196833529038
0.5702890507895312
0.5610482585426544
0.3427557647058409
0.4677723132680022
0.38575153772566917
0.46437353070960674
0.4919913139449826
0.6195628105460819
0.527826213645059
0.1668158011787554
0.10921876758802318
0.5528364977751216
0.5410681612530285
0.3215820981833177
0.17229086846515984
0.4084406223656249
0.22786276709514694
0.08014780768703503
0.6887932249614711
0.10844253395968892
0.5140831257247529
0.18727645150938632
0.3129019259153872
0.27833258975629627
0.258850562090504
0.1591150895694509
0.3641800649161106
0.1101672599007616
0.12810328996440157
0.33376539709600317
0.3792587424176599
0.5463184130099564
0.17706360037496063
0.18182232343597685
0.15436376055178
0.5047969298209694
0.27662339719682677
0.4685408757562236
0.4930022078041877
0.34787992220576436
0.28228545649126713
0.16351448029997326
0.12020881592112115
0.4451253291813689
0.6419864139971373
0.5819277234042448
0.47565111469986615
0.4153172115262628
0.09567603694010599
0.5367648926566588
0.3941691481401756
0.5085453168781936
0.38186370942831005
0.5759475470001509
0.6766546483951941
0.23972914775697873
0.35250715546046324
0.34977056833369663
0.2356417314224629
0.5508805244402998
0.23051376961513417
0.3882071307008475
0.3928220230660592
0.44798728581127284
0.1993793254489693
0.6020983920677185
0.5181965348833951
0.21063153534267592
0.3080921296385083
0.4033418971788036
0.40395814777963734
0.325469671933764
0.2814412038751798
0.6459092668944701
0.43534022895230773
0.651212175922426
0.7006982043580179
0.5282720309842069
0.528911494439997
0.47370955961918243
0.2961223571089899
0.688190444612652
0.5717362135693161
0.6702288161945285
0.6361819469450116
0.5375549179815764
0.6265623084205413
0.26300683806908476
0.28952402482324846
0.47540378872516653
0.7279355785510025
0.7761736817640252
0.6943354174948101
0.7381842704526789
0.73780537372531
0.7083328147737533
0.5677808964387543
0.6549244558948722
0.7855631405336458
0.45851727955547356
0.5501853445534782
0.35578027644755567
0.6494374096448766
0.5023312456072254
0.48535632239185156
0.46961136619026717
0.24867686245578619
0.16533259249666324
0.3111889684825245
0.13665893354487782
0.04337932472563271
0.3267129601176483
0.3102916561290641
0.05059348248205322
0.16864977706512554
0.2570925371415706
0.1233906649316958
0.48731286284649006
0.23602355160455088
0.11437592053000953
0.3553937980481023
0.4449088228357573
0.2343997656528602
0.18559677085476511
0.22746619676702823
0.3670583265437011
0.19416168021660699
0.08868227061590254
0.04978947177256742
0.315534272330539
0.44463895468936515
0.3417790337597767
0.20106945593079692
0.09661153494994396
0.09698883564001387
0.3484002149397943
0.23614442201458366
0.07232092795203815
0.06243556660454438
0.16555550674452899
0.43495794626350537
0.263293541788531
0.4246085170162455
0.472846238678188
0.14860744645405813
0.2877094946012902
0.08877196672910741
0.22558043050575352
0.18843180307775767
0.4747254014074063
0.1917497354681834
0.5004688200753094
0.27043731288029016
0.30830006925150655
0.4251336344230031
0.3217177425847428
0.4060821604846514
0.3036106917307887
0.5076933172260587
0.16999485357186422
0.19658542281708075
0.08478943483033262
0.18981901809563542
0.10896190442914327
0.5059167941091836
0.5433682379028716
0.3086713003518744
0.2158837077903004
0.45284183385739357
0.4532275326378983
0.39912411221643357
0.03803273059815508
0.34995752634969196
0.3665068003545047
0.2956518724677919
0.1775805151801559
0.1935658726174987
0.5339545083102741
0.27550711912523307
0.3416412841664652
0.6344839910460205
0.5263171986049591
0.31478933021350963
0.383327045127672
0.6135150824173671
0.25953952449566947
0.14965096296645242
0.5370805153896143
0.05667510454434546
0.46443858306380137
0.5671471030811495
0.08768658652732447
0.24152619033995668
0.22543711342261655
0.4000539673751625
0.4084391193457549
0.4365136709189704
0.10384200344114151
0.2707711549926174
0.08974021407806657
0.3074550750851063
0.06254225734324237
0.399174523638951
0.18397558339708966
0.06303396217363623
0.12316569696897876
0.45612076477404817
0.4425262735429393
0.23516177953385134
0.19318552889828028
0.0875759492220366
0.14955105847435018
0.3447064217691586
0.5984851949313134
0.24919859807252084
0.07061713625064767
0.4442875799926309
0.15799451045525342
0.34766762741851726
0.23738485381228616
0.4493073920522988
0.5333536045421897
0.37563674122086793
0.4848986689460268
0.25009094175442736
0.2643777552451677
0.1478963887369075
0.5362322939091294
0.5262810029710285
0.09677708568722217
0.0880952911489591
0.16542989027502106
0.16651699476989731
0.08761673855620124
0.5927726329358121
0.12754645286363467
0.11631449879366822
0.31156909516535075
0.313314019211839
0.25787406902707277
0.26049351834086076
0.4293596223841327
0.5336548520413789
0.62040483304427
0.11424903456791759
0.2112083974509209
0.5453804713439613
0.5895877233616134
0.4562024263185469
0.43129145356914667
0.41986979721970435
0.3846300230660805
0.10397688447560074
0.45239802429540193
0.1171304696519533
0.2595275733182343
0.12290188259273307
0.091851965307097
0.2210680162171613
0.3153255117961731
