0.44904295959978746
0.6519267651161498
0.6306411558349942
0.7893716546631034
0.504138571609542
0.8350438462624316
0.7873735381862382
0.6041557709153442
0.8835905797377036
0.8616611943781833
0.8820757262681279
0.8439385466978685
0.5831416216056085
0.9173305804959764
0.8123705665593162
0.45627577575719364
0.8000514977646972
0.8244406949713998
0.7192183617892748
0.8102798525820794
0.8378686210391533
0.4442259219783652
0.4898037472757369
0.9350610239177136
0.8883433789062642
0.3467428801664176
0.657254907143405
0.5356506666382589
0.25498862648908543
0.8551665769561311
0.7803565625415717
0.6973228219720787
0.8758817829191664
0.8696880663149774
0.19750064738495776
0.5742776570790634
0.8744367336781751
0.47934359208477034
0.28745045097496685
0.28161900386572297
0.3744096516490153
0.8401845128775199
0.605393882101463
0.776025760245072
0.5616203552083834
0.6951596136592254
0.6250157152809919
0.15040313955148255
0.3101786861012569
0.16691263520363592
0.43689603162116003
0.1802321512040367
0.404487740862944
0.32411403828022595
0.4800390603281586
0.3707751263716939
0.25401845693082953
0.37478584529435827
0.4459177819073216
0.2684433493818156
0.5371497543268101
0.7561262654176677
0.8474741282604555
0.46208468965854155
0.8465789030476503
0.7991712585354439
0.4131028545123548
0.8854160331491022
0.8468376238307572
0.5279102211866171
0.5589518167474141
0.607941349658599
0.6258328642768796
0.7435865562811805
0.8560787533119194
0.5803680477575667
0.6298132689426658
0.6662654763117746
0.8814765700918568
0.535510848865837
0.4582208819994045
0.7004510921522974
0.848664846698601
0.594058342336217
0.578722448171723
0.7155416522897505
0.25715097128188275
0.34889447490761516
0.37723888353045
0.35382951108556665
0.374559871849568
0.40180508629458517
0.13320597918124993
0.2925847969937868
0.5075148032870572
0.36940102269518965
0.2763115254808171
0.5674088486878054
0.51181920303477
0.09353247388528842
0.08810539058772215
0.40061621700547895
0.16101503796086983
0.30128105886066436
0.49103356056448183
0.4172121075806303
0.49679537397329204
0.4094770640913522
0.8801348717495427
0.85560407813922
0.8602945951716637
0.8640027902291262
0.8359723018108507
0.8401634620124822
0.7601502667560927
0.8277389792967575
0.8455072261119949
0.8649113801004297
0.8250741582648586
0.6844834748106765
0.6234940773049218
0.8697048691592871
0.8280027207640708
0.6407360149398693
0.7885061936438796
0.7996815297857257
0.919405675253878
0.7878975814842958
0.8073239137725668
0.8022290410195847
0.8113285668170215
0.8382394344941129
0.9020118584147201
0.7762690163003922
0.5734243734968492
0.7813080972956161
0.882028617547979
0.8913133862968788
0.7572312947574781
0.8208921086747214
0.7670662283207799
0.8039970171404188
0.7366360366354651
0.8239065534388491
0.6372934424644692
0.834903282795478
0.7541813330299456
0.8014116040851548
0.6887444091091802
0.4964792916981901
0.8221214892027862
0.4167145995996125
0.6205844795068421
0.8351921417060096
0.8140386187346932
0.887925977564998
0.36123391584326475
0.7804419395679056
0.8705231757473636
0.6315034046544048
0.39666093913234535
0.8647232603003201
0.6610490180055909
0.29603980501285937
0.5663966278928925
0.8124666482697586
0.8017093807469142
0.8058579304303647
0.6590446121626934
0.8544216699108402
0.6976401243876844
0.8280138585550999
0.8594723618882892
0.5445718754110632
0.7797746276309219
0.8657472873360121
0.8677679124369472
0.7006823327766544
0.8998863465721207
0.81146884931118
0.7329981572170142
0.6684719481513303
0.8358525822345649
0.7748921041670521
0.7989439477381476
0.32704555828872445
0.6297236449903872
0.8471116387242584
0.7777653819621095
0.9290092304690388
0.7572623220294796
0.8102788571041859
0.8023367748518693
0.7752671867686696
0.8201544795153066
0.8993459227706979
0.7759571345738311
0.7940693918180521
0.5643799147222516
0.773862930162699
0.6323254558053997
0.5675296448919551
0.7838313175378088
0.4764341744183961
0.5555249074410608
0.6331490500954833
0.8255556022355284
0.7753247281433792
0.8292128185246449
0.7968410366456267
0.6007419761645276
0.8151024222554254
0.6848080572606514
0.8243305608731015
0.7906697370389778
0.7037221600430201
0.7293727040175653
0.6713351642928268
0.7049191772040231
0.6648592877557069
0.7546282341852912
0.7543497726428409
0.7377307760041296
0.6692139505779422
0.6284154866763441
0.7748605656600263
0.7408153853704255
0.8017885636649255
0.7872418092032882
0.6192845935813803
0.6702983449953768
0.7017249586424458
0.7866867857126301
0.6848524673835078
0.6845271764331541
0.5386860499809498
0.5249668141988483
0.5798789425101633
0.7289108069162382
0.7413972161165426
0.6975509361604668
0.7504832015823006
0.8759968899499192
0.7735916916078743
0.8292308238199113
0.703209134447463
0.52090808815772
0.7537663737129568
0.8312195372775434
0.7055267468526354
0.5827533791600458
0.6200491967028227
0.5827435815568237
0.6710552172165923
0.19991880967308534
0.5142521384995629
0.20733369505164564
0.5310057642694712
0.3603826957687084
0.3339182001254734
0.4367025852772815
0.10472036222918725
0.2800557041621491
0.57528796831972
0.3654170919294582
0.2770912421283865
0.6357420722542291
0.2985664197395951
0.1585014847059738
0.11611054458143474
0.4354007662689527
0.3357645992069457
0.2781868671127028
0.5098880812684511
0.040949709316001275
0.21872368342228393
0.2807570613690875
0.17040461409660992
0.44573880795289816
0.032435447416812695
0.40488740179879257
0.17991777401637105
0.6032775595981317
0.5395555673008366
0.38351917448091294
0.16712623812246855
0.34113691138703056
0.482144278225769
0.3193945048570133
0.36586602732938195
0.4041140695566035
0.48709831324127134
0.3007578102507513
0.6187912471035594
0.6112232121427938
0.3637535214331616
0.5610612262988273
0.21548368036664944
0.3433189149367331
0.4554780292251839
0.35600583682248116
0.06268969523408337
0.325324022626155
0.4821646552782848
0.2981643481799102
0.23612012606671284
0.21484949323020466
0.39236781814958027
0.4824265201354068
0.35166183776040294
0.33436700986010615
0.5158683912856621
0.3164811202356156
0.05517892177877227
0.16106224360884194
0.41823387565653236
0.1100230534659658
0.1677028071122583
0.2475343458722281
0.35302965076499265
0.46902843748589446
0.14719859197909915
0.31815113632594083
0.2398998853677306
0.10966459515483075
0.21932932910433953
0.14783192614396765
0.32576486217399303
0.14898238099932762
0.0974125362860216
0.30136445207169926
0.13886125544918101
0.4546331487255819
0.5031156793788332
0.04743764602991169
0.32282158378600245
0.4756736367638283
0.5512558716393549
0.5209312825630602
0.45815198670686763
0.5331358910450474
0.3142258865131238
0.4672265036246384
0.3549654539036951
0.432371776271732
0.3820735201990563
0.23888642308559335
0.451424708265245
0.2906116763300406
0.5345747488277445
0.4986804328013968
0.5246896530315257
0.5318000922141344
0.33403322156320425
0.041837982538281256
0.5501252473355756
0.26809277410015586
0.2979316565902349
0.3234733498197294
0.41506031605060584
0.42373438811303
0.5516167879758407
0.5922915470863946
0.3570824315553406
0.732128045963037
0.5194876080701253
0.5785726703627616
0.13943826099433684
0.3021607144358815
0.26161322606437776
0.5711869004724671
0.8705398521185143
0.47074375350682823
0.7667401613691849
0.7162001748185465
0.7156637269165895
0.7336118033969218
0.7994904032935726
0.8179262816166407
0.9324468377716713
0.8844064699191702
0.8603552373026656
0.8476394141802772
0.579453170527756
0.5939483154508983
0.6591107766269454
0.8645578651024532
0.4395470844510027
0.37365529621702204
0.3913777894873657
0.3724502565973744
0.39408823701594403
0.13278851155337365
0.22509181046512738
0.5304979903981519
0.8514833005640761
0.6019701678121573
0.21360668670142882
0.5474486097524455
0.6056006517680336
0.21741539736352747
0.35058879744418797
0.36717059432351734
0.17825947254162663
0.3831614301507503
0.08782099480802763
0.8757199991247117
0.7878039851609169
0.759330385942407
0.2649040041321721
0.5675183696105143
0.09946691091844295
0.46925669971943973
0.6144058449351751
0.1851009679618599
0.18443735969338293
0.3899776024546554
0.25596886023534876
0.8666800453345893
0.835203756318789
0.8818789206683127
0.5671865289190838
0.4649703923221909
0.24930722040359457
0.23112953672465833
0.2651085552465994
0.673836284376849
0.8534247325696609
0.6703476563895109
0.5937037431853314
0.20645991859529986
0.8682619789829961
0.2209413896283022
0.128336842517308
0.21874965225332246
0.32198184992272966
0.87244285812086
0.17397779918413336
0.2157382844121132
0.23898178207720586
0.7362111606781404
0.8013941248508892
0.8507020294739923
0.8092717201452743
0.8369646359068027
0.6330994485996345
0.793691751988273
0.5864932466275503
0.6848989028336532
0.49818006571455126
0.6618958741011967
0.8444943036388344
0.8860959436227338
0.8591151835104907
0.7913615467484177
0.7228718115322073
0.599560596401867
0.29654972128800133
0.5790480322740543
0.5754548901894911
0.6384323191991207
0.8545963121330982
0.8110116898545129
0.5197870264095672
0.6957304974490639
0.6697453430571844
0.6439510495491808
0.6130339554440304
0.7441040269554781
0.4312929051324867
0.34945364532827855
0.3439132610695135
0.16959454512341687
0.358928574059912
0.37774412816765285
0.5843505800344778
0.19091463692579924
0.473365220324952
0.22611395377087856
0.30432794906759086
0.44059384809177327
0.5517088780974222
0.4314648264261944
0.3849006139895387
0.4365834106179731
0.5511109027979225
0.508059904840659
0.3110382077719064
0.1820466223959692
0.29598431960510907
0.5282655658063468
0.4813903264322802
0.4101228580646592
0.46439819408988353
0.5092372513034256
0.6178302076496192
0.34168502291507996
0.6172974858587813
0.41895267630134136
0.3575361873240524
0.48008277989133474
0.4779901752204938
0.10625261415734528
0.42044119670291163
0.23369162928071027
0.25744124211858826
0.5706327481664315
0.23219968536564664
0.5726039208919281
0.725318632697478
0.6961933899884948
0.865116273712021
0.6102176979876629
0.8121486754674381
0.8772148920525455
0.9112593485789127
0.933003584549362
0.9169121224445634
0.855307058503852
0.8863834345040542
0.8103307736777849
0.7810913408203045
0.8248202531158061
0.9004090875025089
0.5860642490338026
0.6401635591980274
0.8441669301092851
0.9247715534003159
0.9271243723608449
0.9244765833225254
0.8984058794102096
0.8267185885416872
0.7035087427396562
0.9206216918930349
0.7070095878882465
0.6728077903634223
0.8475781898860598
0.7943135757378383
0.796199428944106
0.8030930322721996
0.8717666557486101
0.9019922558775144
0.8747288422757676
0.8757970999645754
0.8542044160973272
0.7869003325455398
0.8743989071947045
0.6627407507817612
0.9022013938738572
0.4867320362190184
0.8623571240042723
0.8447429769097836
0.7728814603054043
0.8712747252625997
0.8661660608594703
0.753716671403737
0.8699407603177859
0.5566197185908739
0.8993081511164922
0.8754998442318976
0.8719226928836307
0.8873141081116666
0.8454043202769304
0.5181807135570039
0.8737888715370832
0.8684022752385662
0.861218963584567
0.5441032723387317
0.7654822224136357
0.780188507354913
0.7887346279653981
0.7103928573672311
0.5690461770892498
0.6739058013566478
0.8085354182757235
0.39017820682373633
0.5354366994440092
0.8662656663404104
0.8278438572239744
0.7057196114169645
0.8725145994677149
0.7891768089585922
0.7033386841888613
0.6371704485057331
0.7483753447531589
0.5797944770205777
0.8041337924671774
0.5924710127693256
0.72810794601009
0.7164445210429928
0.6876919069401065
0.8251142973770234
0.7891128543320172
0.6419663575528142
0.5875111585846656
0.634289497649564
0.34489379008300375
0.08531728185444178
0.32993689678998794
0.24295472661939901
0.5467828271795074
0.19017352696750858
0.3254566206860679
0.5503091113494178
0.2858037368313436
0.4284050065701724
0.4203558742524755
0.3281333036514028
0.6160565407731639
0.09211111961713202
0.5816092284597002
0.11368723329398703
0.34048906975208687
0.4491690146317834
0.5950564127468833
0.5218986685925915
0.2490039783251633
0.29578500312968886
0.15323928436185355
0.2832130736616498
0.5867974965977546
0.12366209646120085
0.2593087572236986
0.12641469208013972
0.20794430353509524
0.43368418263070424
0.6781552290232724
0.687187544246359
0.29578547566041313
0.5160160314744431
0.36370082978809004
0.26173171389941957
0.5646296732139425
0.6719185710997226
0.309448311413529
0.09289145975628961
0.4901283529871263
0.520932845530699
0.5332500432329694
0.624595043360681
0.5906200766449735
0.31270783931266155
0.43037139991403367
0.13356897203990306
0.21975993922545783
0.09038146349268307
0.2963006362349429
0.5930921440945895
0.24813354240231214
0.5969555553166686
0.5864789275551755
0.1737663515290204
0.596280488794772
0.5776174637758005
0.38135013638477705
0.37096499878740635
0.32514960124087516
0.6278581935916218
0.5726405173204292
0.3353434553232235
0.15714242624527536
0.24874215827252544
0.6859416531384253
0.6303250260504086
0.24557661314260051
0.29044718882585047
0.5357036113866521
0.21997896859034924
0.5096582918719215
0.653310211248863
0.2849657372526305
0.3002178633073105
0.3955165363596638
0.4301237944231284
0.2356436832148197
0.5493752839131401
0.5884176509798317
0.11458649257768419
0.0850931531539768
0.10354882271654105
0.5797002616655194
0.2189636096066276
0.31199196370637894
0.6618649927978728
0.19862606825946325
0.07740217682910842
0.3887942801385024
0.5878643856150756
0.6339416605239773
0.14580489500026814
0.32036251274056826
0.24466986921728806
0.3664391539292616
0.5418186844923469
0.3170564402212316
0.3048604759504529
0.0719273218593521
0.28794707124446717
0.5171070909756088
0.09021025250868908
0.631268716947622
0.19128619577017422
0.661205173641078
0.23287682347443664
0.25115009407042993
0.26829216064411443
0.44483354144686665
0.09957958056233436
0.14530397950139334
0.5383934133906041
0.5587705355571204
0.2591501838795431
0.3543247696087486
0.4912916889202287
0.1620289059959936
0.34260854789829626
0.3160180481500665
0.3750736012110599
0.18670968655543324
0.14020415104756165
0.35389046173000216
0.20812088316804533
0.4277243973056937
0.4225321027476493
0.36893234287918386
0.29787594944682017
0.8005699664069038
0.3069018723978409
0.6112818441788973
0.23568296835889618
0.828023977411161
0.8696153885614857
0.7180356763913225
0.6473711210164708
0.4935676573083206
0.6556515152441416
0.24162033582719944
0.2506277339238019
0.23479747397956213
0.8764229856259573
0.7960144641957929
0.5577114401024365
0.6014550388314264
0.21093782042209802
0.3886004003863988
0.312248603503777
0.34351751492461524
0.6098695815520853
0.9180812055622849
0.7876779501051723
0.7927007109382567
0.5774926330067424
0.9029488221635781
0.8619226458676975
0.5181451372058722
0.8997352073601438
0.8931242252203343
0.6369365319260357
0.5241762969286207
0.6123799895568817
0.4949071750903256
0.5760516927042613
0.5425053695308919
0.6203694732802886
0.24603574381830493
0.39028889219524704
0.5419059930197768
0.6503173026250011
0.42048431238177464
0.6337856937103638
0.2523666341466413
0.13892667760882013
0.647410260523926
0.3901331203917269
0.23158201664681813
0.6167796872455117
0.4187490885690649
0.3152305710460188
0.4227014903135424
0.3492415000623781
0.3504584778180321
0.10940294279001289
0.2084815548363522
0.8390383635328875
0.8973130906505371
0.703609666081125
0.5196516407252011
0.39068347593625763
0.4190479669795234
0.6276074618642132
0.6760557279081226
0.4138074877744375
0.5651896694667953
0.4476074278805037
0.6234190118502546
0.4651981859637472
0.5105094413822634
0.9247320892032004
0.5343047931960191
0.8239265503695259
0.777427384469413
0.811578156706834
0.6184940799853695
0.1527535639490797
0.16779792670652852
0.38112905679334713
0.3698110324544311
0.32727528806618533
0.5722054328783358
0.5522969666631623
0.6280250338507252
0.8451349278845971
0.8792987098345907
0.40997263853750276
0.8967277708289241
0.8256109352959877
0.8159795689313429
0.7043771580981983
0.8722358051488953
0.22511311213380011
0.7527332042212498
0.87560409673446
0.8515798453432766
0.8096471188288004
0.9073240401341197
0.8973973425264039
0.8162360752958542
0.7565105321800702
0.7926522611439422
0.8428432134454883
0.657605975572024
0.6024335344953575
0.13230607956897003
0.4594119876695967
0.5532156218424363
0.4542749344047099
0.5276637043183484
0.4179622338722545
0.39148525720352767
0.3791255709055177
0.5753909847671221
0.5074328293468214
0.3805262526896614
0.4659821220354919
0.3962812353471771
0.5002772645406258
0.6240972649292309
0.5395637155367121
0.41409552133069527
0.4500775433874248
0.35186108488658
0.5502966097798452
0.6148690951691073
0.4273554308514348
0.6636661436774576
0.27819111405335495
0.2749968641447452
0.39341634060058994
0.4751106447273477
0.6030585989328245
0.6060927643388501
0.6439083562056713
0.6013118069857261
0.5209518727485615
0.7671275849706176
0.6940523783023957
0.6154454962744014
0.3902307458393534
0.21581372883026956
0.412598127683436
0.38774122331482747
0.6445744384020626
0.5637704650074861
0.8643730046328255
0.9289917638511903
0.7261188734462238
0.6204742525928428
0.8582640570109339
0.81651338787475
0.19515499857401836
0.40484900874035207
0.40114904155612846
0.44748551339471204
0.5447372941219328
0.48706168720272525
0.45172435465392813
0.08910583349681046
0.5931795983624915
0.2705297855408749
0.3139075004400527
0.3071525443977826
0.367712075003305
0.48151332531797125
0.6778774146024286
0.40681605332047416
0.5979833362290757
0.5933243128951838
0.498437037129902
0.4252097342498963
0.2986051591764203
0.4441429102936067
0.4586206169682248
0.8539410640907209
0.8711462289152229
0.5876833821459977
0.27302990718996073
0.5491027440314915
0.37338429670800255
0.520216164727124
0.5399951836396815
0.2396780395563327
0.39620708939883975
0.504772886323847
0.5654638358929985
0.26629642352560007
0.8557720652675547
0.8553555363005827
0.8414802998827136
0.7490181488616938
0.8682450585726134
0.2944727115569534
0.8787516113883194
0.8691889907482856
0.8597571122600384
0.2558122364826206
0.6665040685146876
0.6128799422162299
0.5527504321807666
0.600059594535593
0.4408544855309398
0.17263819142710105
0.4442338307149289
0.4577072526346773
0.31161852383758654
0.644969265499181
0.21990614656020385
0.4032154678068673
0.5657556818648951
0.3198747914739079
0.28021801655867035
0.3904639990190811
0.3793065942135463
0.38252065163383986
0.2650233360649987
0.2753897367041493
0.3902307155605782
0.3923423331239479
0.5435869718213299
0.5632583865676393
0.866889249703345
0.8703991980553842
0.8110958517460948
0.8502853697959238
0.8712306685320839
0.8493787620666995
0.7979404229089683
0.8637787513703823
0.6868358540463415
0.8150920862050522
0.9056248682331863
0.9115641943109482
0.7199939073945149
0.7838460671083091
0.8348869268053364
0.6453535891319052
0.8497994134977953
0.8406718266713915
0.7849785118643459
0.8487099477130552
0.8625358242622064
0.8512033871811683
0.6985840915264363
0.6601783219192352
0.5023656210934818
0.8893393332657479
0.7616564835777655
0.6646492656564549
0.6486085855527515
0.5532282255204471
0.6884201738178382
0.7021116822406865
0.6903759958154178
0.8945253300394339
0.6662679675193831
0.42234158357078877
0.6200925902861814
0.41981930706595466
0.6417193526700261
0.6518097487190275
0.8492569077197194
0.8571884426144396
0.7407250856338066
0.2783767911458973
0.35907315266569884
0.49423478529367554
0.3716506596699179
0.420548178589194
0.45303073957236684
0.6027623245514536
0.3173212734182059
0.24366094436552907
0.21255202177161767
0.4491206103558663
0.33687069757335886
0.5161682251122164
0.24753894076933375
0.06926429613348883
0.5687214004571269
0.27998141974360075
0.3301568328490034
0.149173878859139
0.630577349166949
0.36945947673961926
0.5626040333105398
0.26536160964080757
0.6539039119822574
0.2892616057835663
0.4012680416931191
0.6474319894748549
0.19300781322382837
0.41633182889874604
0.3389796052387399
0.5590982530759603
0.21579308397331043
0.4423737939423082
0.13873434366681428
0.6448698584385661
0.23951927055791586
0.5016223878580143
0.5860576165720138
0.3407994837303673
0.28675401268815226
0.5869176064553576
0.14095569315394038
0.09756978144679312
0.33082684533280127
0.45945345875394167
0.42901781747582507
0.5427340193423642
0.17846543762695036
0.19134476030515107
0.3098550819361116
0.3267011872546798
0.1383811984740772
0.4452541396828491
0.242234855029111
0.4271629394012791
0.29049055562619625
0.16955079003549128
0.21844574072799103
0.20331242452523737
0.4090179833790372
0.5863305043737238
0.44443879328427227
0.4959468476621361
0.5951078241281043
0.5580616165151775
0.3641632926783008
0.3113908609345641
0.6004021356680724
0.4887343781566151
0.4602073037797688
0.5120467170842448
0.6071396590403583
0.19420767740758318
0.5168345212186922
0.22810242233276432
0.13961386265832065
0.8372563805796419
0.49788194839962857
0.6844237336078678
0.4042119849974127
0.6541012255887263
0.17034758077797757
0.3792343609929467
0.3908948578578512
0.29245644345720784
0.41557764193130814
0.9128135306731199
0.9051723997749237
0.7854623001920444
0.7816713424101654
0.8949343531385097
0.7846789804767649
0.7484632463197602
0.7375655676995875
0.8021825169747626
0.6903257481419018
0.3736613694726546
0.6225844132139061
0.518627483773754
0.15247995453879135
0.3088402305672248
0.4669908427917211
0.3825441418728973
0.33655482149853194
0.7205297601657299
0.3717288876055095
0.581485529827411
0.6653168974191787
0.5008157432684436
0.40386189517024534
0.35803722714626884
0.43986055819451897
0.24595908983737946
0.6170174574871204
0.3234441713110176
0.4326862102270775
0.37407787372969964
0.35344539910154066
0.2716436490525244
0.511427177340167
0.6042486236329475
0.7165364729077441
0.7322472667695937
0.6894475531314048
0.38527967758636705
0.2132352661105748
0.28280741743658305
0.6483891506381125
0.7594139817890647
0.5253114367269694
0.3925635417363255
0.4060253625409831
0.45459041296981556
0.08702020073864339
0.08573975001429802
0.34668779804585115
0.1964527287019339
0.14734351613935862
0.8465937391051291
0.7929284278293096
0.6735337648698619
0.42443614153606674
0.606130281819247
0.10976401982146053
0.13427682568818897
0.5399248406680707
0.8598458339140884
0.8760364076890896
0.3361830086083781
0.7044276642613834
0.4367423901756356
0.8326197298238522
0.7275796718243162
0.7643040071928189
0.25600997803324416
0.7074902504214831
0.8512774125625613
0.1923723171792816
0.557432410896211
0.6581210770979042
0.6848889366476292
0.22958102422008672
0.22691322373380637
0.2895083248861149
0.2987082376381265
0.6378468672000164
0.36398263574812006
0.30451331808752113
0.5449990893893186
0.5499440091692018
0.13905321671026674
0.3505599157920627
0.334354775380394
0.2045193203386764
0.18797257549425386
0.42411597304377613
0.2412282143601532
0.6291935735192368
0.49949546018574903
0.3817930252953706
0.10100965633973204
0.25746547974602
0.13226928841983268
0.4018834475755936
0.30300885398645167
0.2501606135842967
0.6145029493395259
0.20865959970669562
0.7021577272902142
0.27052298144028514
0.6587490063439042
0.8165527013172879
0.5912284752652043
0.8939080812406237
0.7481323697103446
0.08955064813344592
0.2637435766976485
0.37263048668886567
0.2352215357191818
0.2249915645375561
0.338641361457517
0.2953421324224179
0.11332767700023026
0.40535290230976084
0.23741808389293742
0.8257839923826665
0.8391687309892243
0.35187691616121664
0.855957408533299
0.8439140515805791
0.6808361200666775
0.8028529806702359
0.8405721091362673
0.8662134066076165
0.5945734512361879
0.6158960620253991
0.749970549831705
0.6936045749336068
0.7259199549451564
0.8522505077732394
0.7327665620703022
0.5458485352601604
0.6008108970545045
0.19159577162867814
0.6718348547026387
0.8248664782621451
0.768519247865319
0.443727845799929
0.7678731765618446
0.5967987721577537
0.8358821224450627
0.7585798699953911
0.6991078355203943
0.49057538004957385
0.44921396049696843
0.08186272223281277
0.23429535750675004
0.6283861080846794
0.44925581865589614
0.29283830663598187
0.20176399987388194
0.4729074188440588
0.5318023933943197
0.5031906054432559
0.6123630475001721
0.10147329955833798
0.4697596267090835
0.47611822020473454
0.2059497745372434
0.44222598669191354
0.28356131277623875
0.49231954939739603
0.6363357915643797
0.6365863519670272
0.25843857310015506
0.2642377887157267
0.33606300119625176
0.6460606516041533
0.4250684038661498
0.5949394429035849
0.40755039268887977
0.7879268244630081
0.5690221460443361
0.5063947564348446
0.33532690707567303
0.4783914821631276
0.5695412562128653
0.590777920832679
0.5516735082024568
0.2846822108655132
0.1593691145104074
0.5017377389635982
0.6030699115214713
0.27002367810289585
0.16719479721781996
0.4390483415175923
0.23322113088727534
0.45663659204267465
0.4995451615207229
0.2846757150233656
0.5911616861702865
0.4442263702015261
0.5515409700302668
0.3331903360381366
0.30886085001286884
0.29945913008397823
0.5092091155294617
0.5644788487528387
0.25487142325637374
0.4713653981990267
0.29023230607499084
0.4808101412355862
0.565986776271177
0.6168742114062854
0.4155975314433076
0.6751017820916385
0.5496842135529523
0.4828121339704123
0.6317565019737784
0.560491595808762
0.4938498347974471
0.662344216917608
0.48457443936166167
0.5746645436831609
0.5479454657844856
0.2949762269708419
0.5110261310340966
0.447007363619154
0.36838918397320836
0.7528122311221244
0.7117784664015907
0.888304574148964
0.8272031115603151
0.8276945857036156
0.7381110228533044
0.7458172187530966
0.559598290796592
0.5131350185966722
0.5742260053946265
0.6440163087524223
0.5827369940917742
0.2632358680073949
0.4896072590058729
0.6431881608859574
0.3615340540912961
0.4748103607782128
0.4457452991565709
0.20169578633965018
0.2727431692198794
0.35844498478513453
0.3127137327311293
0.5193908269354794
0.79522202323313
0.4757148212854314
0.4883876991248705
0.1875172162792359
0.6916280761326516
0.5928402876886729
0.553962502421458
0.7463073172694694
0.5286565708202062
0.6440104931997068
0.36488147172827595
0.5018874666013506
0.29824486485762436
0.8690610818281828
0.593379596464595
0.8787196525287869
0.8444565407399827
0.6969384955539069
0.7717789530042549
0.6123282545463868
0.7360157899923178
0.6071800844231675
0.686897294629221
0.6293025899138317
0.6041554125194187
0.5985704651731373
0.5232117134372211
0.4268140415816322
0.2540398905736021
0.3025163637684295
0.3240641941224823
0.4540375529388932
0.39183470508574136
0.4784997756686952
0.15114346300816237
0.6073562634110492
0.7347853260721777
0.6350999670561962
0.4785393848841246
0.28936993089378354
0.4010279107615983
0.3502238930998452
0.38200845556683943
0.47504628626685397
0.33153455883562694
0.34816804295388337
0.2970925426401394
0.187390883209778
0.23742274674127437
0.3733155398833441
0.11487942768909282
0.2199324410772565
0.21834344786418974
0.14619601021933665
0.4103439384071622
0.44738412736822747
0.368389050033266
0.8658356528517479
0.2386777415899057
0.11008536249461617
0.8076383167576145
0.6077209204761871
0.8620171408963093
0.7212940752630428
0.5005803877557133
0.5857802738448447
0.7281076490645177
0.5371963274574402
0.707626945285387
0.7198192869082617
0.6611615554709702
0.7411948922100324
0.5601993400702083
0.6860969161882188
0.5049618865878152
0.717741502105021
0.5121925752879928
0.5170968599847566
0.5792473517365163
0.4305900267614172
0.39911115736958486
0.40280043985641795
0.5343218239547642
0.3809361918778296
0.5909144917575632
0.5336017216216548
0.5662730359528825
0.5516194695046113
0.6883243684513508
0.21124249011335705
0.08624745737893469
0.3708668188380578
0.31848722943025765
0.24857340659755842
0.26379191209935854
0.13139179454514033
0.42476483885738275
0.38981970576795133
0.22706311546956748
0.42345085611140965
0.2243436337474675
0.21289450388512637
0.41633066796262236
0.18580345667440612
0.14122517090909864
0.07494310860096276
0.25125932128432593
0.060268176315886574
0.5278727923175354
0.27306003374967514
0.4858140683351446
0.2609555895567602
0.24452058809752747
0.1217862298663406
0.39531372503738765
0.4205212915310629
0.08382882493796782
0.20558425380738923
0.2789126966997547
0.24363776357481762
0.09598812268518754
0.12614875446888624
0.48843988820983875
0.43422227664496144
0.4267463875799297
0.06884646019322044
0.33968967668629285
0.05418933874651471
0.23536818726684655
0.3715745267256703
0.44939699571901254
0.3532199362091367
0.09855075447785831
0.06622964344725366
0.4388658633368925
0.3394845115049409
0.24685892339037344
0.15222030289119126
0.08845103396657059
0.11114507576783081
0.40481132162182476
0.3388386004205444
0.38352721994054045
0.33740245439278516
0.3274440196574358
0.14620365414643724
0.4012013840484512
0.4376738906194298
0.07503084660902734
0.3626913079343569
0.10031018891657811
0.43217977083994175
0.16762837542525047
0.15034173889439945
0.3821698300578545
0.22051639516399274
0.4181268438032998
0.053880868814395085
0.21560042007638403
0.23177088911435983
0.5704397350607116
0.7314313711094228
0.5317508251189778
0.8402788528621589
0.8252122502603868
0.6499977596025238
0.49144844036556573
0.8099523696283665
0.5168592379008323
0.7643038369805433
0.8039792246749464
0.6591377822378024
0.7302796806822904
0.353055744749378
0.3254616056033122
0.7601387499725316
0.8653765278947022
0.8420460600762019
0.4873145197081832
0.5294139267846827
0.5285591915213762
0.6261537409042722
0.19136668219201275
0.6096521910910099
0.691935443810627
0.5373284723468734
0.5953565971273859
0.6926287807826961
0.7169363177930452
0.6355943702214344
0.7080211344221095
0.6972118351857078
0.38680259226401914
0.4990388714793698
0.5645209935973733
0.6104112150204588
0.61562753555032
0.708564288506798
0.4585133036811365
0.5471195968502773
0.6360191114929896
0.736175549485032
0.7053116429332069
0.5502850870615633
0.13179418910202775
0.2426505575693488
0.3543447064593003
0.31600410602630447
0.18355226415124476
0.25435954528270077
0.28281476297765273
0.06412006895064215
0.09752395395401771
0.3855117997095963
0.056717736606003565
0.08859287355639218
0.048469010251584656
0.16808101782116386
0.47155090606202194
0.3505371755186156
0.03610621302368077
0.0778779840372538
0.1836235088462385
0.38662287352525965
0.2582395223853422
0.48965115481450033
0.09946906457319439
0.1480833307284285
0.6136981984092196
0.349662560890737
0.4062800383800247
0.24941057115190404
0.28499111604581706
0.34469691141518083
0.37444001894275325
0.06968709138473132
0.42673978904049525
0.39677431831677884
0.10747823423152122
0.30584806859022096
0.5048116656299656
0.23116248955332852
0.20654211813798648
0.1801777582919896
0.6323663860036998
0.3614516509941527
0.0939554715476714
0.0484455289874169
0.14143086624128295
0.08658237542787976
0.42309086896247616
0.09237609787599556
0.5574296003665806
0.4731140142043307
0.3488582157921471
0.38697222237029566
0.39307301585436183
0.32801780575714296
0.3869878265121613
0.29116562005483065
0.2457599114122982
0.37237361228865545
0.14127913043960555
0.07179278028504986
0.1068205768108995
0.4191921339393367
0.5492032241707552
0.40812587775468334
0.35548631339367115
0.3544058036859171
0.4530748780302114
0.39959702376831
0.08707966570624642
0.10149930467589371
0.17010392337701533
0.36024797204005304
0.15462818242986467
0.32248862297452197
0.44483153849462964
0.10734663560025529
0.03646582796556788
0.20256565747581004
0.3840804019055163
0.19976168151375173
0.18253265297760568
0.48631791772908967
0.06563454937209827
0.4686940359966456
0.08646264779925744
0.13251730508202414
0.34751471977490656
0.29272907341127774
0.472673369128929
0.3781447815182151
0.6766130868793048
0.09953294330130398
0.4426543498834743
0.13914698036418846
0.05235846862557171
0.13422142096742604
0.48990689494766365
0.10008736533608137
0.46331275867036703
0.06359811480218108
0.6280852856491732
0.3182224253919708
0.4321467781691765
0.15952714795560527
0.3884491964249555
0.2622715523518843
0.08831805110674773
0.3636285131880376
0.13784858284715243
0.2589769602627285
0.34390608246399124
0.25109023049001905
0.41825049482957666
0.06925671100293859
0.47134548759657285
0.3470649144376104
0.055556951908689735
0.4167378068991568
0.2505796192584794
0.06923300204956699
0.11840634715654579
0.0499427393831647
0.492071963699518
0.1386293974740839
0.19575016375233578
0.3461358015801079
0.2986122589867495
0.3187079351660394
0.2645452371555588
0.39283374114522446
0.13050899239965896
0.039671109770159384
0.029333428756757936
0.19183251535581247
0.3168117257461957
0.1210895030137673
0.3039628142060579
0.33718523153276325
0.39650012601749285
0.10511241224103636
0.28961684929482684
0.38503142506640214
0.3864740873641599
0.43704821992811405
0.29809192359369635
0.4155532766702178
0.0863860186082519
0.47479957957124835
0.13361028189930768
0.23475199531076268
0.4466317313432948
0.09621255431364813
0.22036827330649705
0.5018122397886697
0.33159935265967466
0.14391667263229418
0.3009974091071287
0.470367200759253
0.28154430800875413
0.3516723393483219
0.29760496562077127
0.2976526510065664
0.04886266067379292
0.42838860772869186
0.060631062443632186
0.34171636672380673
0.30947513141878924
0.5887130627226389
0.06124970356963597
0.40939226679982377
0.3957597209458451
0.07536681206308997
0.6754553701096253
0.41819282241692873
0.3663107241131678
0.41197756534546853
0.08573955337957014
0.38318986990620957
0.2544649828711383
0.4511148240640779
0.38423154693085804
0.15208955463279042
0.39670874637885184
0.35037316583014044
0.22461425742169105
0.3586109903878627
0.337887516905684
0.10888887832031433
0.280184045573096
0.4467752386820427
0.33701928610289106
0.10386992592130241
0.0787875511037723
0.2915329423456937
0.2020664122060862
0.47440211658203796
0.5021179085695596
0.09864933041752047
0.07545056296611304
0.3255416258227971
0.02600384308017565
0.3101002898421318
0.3636528991728754
0.06010232118751197
0.1657423729766107
0.18413404498249206
0.3648631229551652
0.36076294955373056
0.08714267923288507
0.43638367841150993
0.3874892440032069
0.07025576250544466
0.03931524791928551
0.1927784735336588
0.38560302521545214
0.503691576854082
0.4385292230469101
0.39065328325274856
0.32784710681942625
0.19736188705823635
0.30407101274626497
0.4344215694119465
0.11728385326406526
0.2972426764432262
0.19496352921341664
0.07690193932365723
0.3153734436932765
0.3523020733260558
0.2615894984769613
0.4084912906498188
0.35172730440920896
0.5879870119854234
0.6187383804967233
0.8614176526500845
0.6156285177884723
0.5498042520329974
0.8190751785535263
0.7050071493659521
0.588355661069992
0.6077528464350616
0.8050568549487768
0.5845023319231357
0.53287345046328
0.3760899819856436
0.44622640976172956
0.2299806207604375
0.3208858127020232
0.342267638025262
0.20990274206917123
0.16812722736897337
0.1691559419243587
0.48668882223421395
0.2653433432532148
0.4232624750232033
0.33990426916441396
0.5281741290601807
0.541234131947202
0.4659055982276851
0.4769815957624202
0.46478124758944367
0.09875356694929126
0.49616236277006837
0.8822637259924692
0.8902276400132694
0.8235176510666411
0.7016115134678484
0.6304411853045904
0.7743966217395737
0.5863976112115491
0.7771435407794617
0.8845422099151398
0.7605466732356135
0.8931069327992188
0.6653957441011027
0.7004812374994412
0.6670373049174925
0.22565451561722139
0.6763005029492494
0.68101849026859
0.8776186450397415
0.6639609298161112
0.8661382610275837
0.8821593190283996
0.7292584629907698
0.7978012539017695
0.5458021453537231
0.3717913538210759
0.6040747578916371
0.7586692530513232
0.5397051322199935
0.7866512750976298
0.5373394996922617
0.5161052184783665
0.7866512750976298
0.7229056056738291
0.1593626817996305
0.6144278977729616
0.5541978148303671
0.8486074333471253
0.6259383606580611
0.8245519912915127
0.8802863923463715
0.6252090614333499
0.5770177885099629
0.5859486974548329
0.6604086396507113
0.6396732083131952
0.72415761649206
0.7820111623492882
0.6273469732868862
0.8258077373243815
0.7385293310896873
0.7201667023042544
0.25645317412894164
0.6999106905158071
0.6470531855424811
0.6602156937318563
0.611656130825685
0.6699303416516373
0.21248358307037946
0.4167738316824722
0.20851799708089283
0.48956839275971453
0.4464124884302045
0.4370876388014214
0.2133058793230121
0.7293132096287251
0.4203718236491641
0.25900586008278437
0.5054511372920055
0.3724513187370713
0.43185739329546596
0.4007657871368534
0.530940708544335
0.23560494066672275
0.3106748079192253
0.18217575654896456
0.10762852218216373
0.5618887464199923
0.3870334451263903
0.1823169177379139
0.2552257041872513
0.4483990080692182
0.46008196769768045
0.23732580601390627
0.06126091952336529
0.3203576324207469
0.4611218124690625
0.3133816501623547
0.12036406874586286
0.5141997846160871
0.16139382535888225
0.6056926498835219
0.37759459597212464
0.504285450827612
0.2527217524792705
0.44471296819013567
0.5968859184788006
0.5397826593768417
0.09576130965402976
0.4373336293378413
0.24969386939454932
0.5180948801547962
0.4515932546689974
0.20499332949047064
0.23066379090240743
0.30327552259515683
0.23648102126843157
0.5666917402795988
0.2143317777675584
0.5279630278931785
0.4824306443600029
0.17193395995742208
0.17081954140383704
0.12572354864086852
0.16255768669219273
0.17568543830614045
0.4171082875533965
0.48228602844359225
0.577670859847368
0.2164926157661464
0.1510743549223519
0.47453981025480296
0.1352425724653567
0.31261269300333766
0.2086650053704008
0.5225090252456062
0.17094477198665792
0.5470095090060204
0.2135395622233334
0.4584432925514144
0.5476910169189709
0.5177674324443455
0.5565512725025976
0.32491678128011303
0.43428836930084164
0.3472581094050879
0.45227069514014717
0.39357351493598286
0.4476231156116835
0.27711951813434
0.3412447713636037
0.5454982258716569
0.47970539606729795
0.4875039314084489
0.8731665799366184
0.7578373832929258
0.9324025721456745
0.4504107893988504
0.8455240666016218
0.8117857917943575
0.42532795540605906
0.6469170945093224
0.8598538497744079
0.5069705005423509
0.7194332389963075
0.6731679285952368
0.5748399291949686
0.6733070646589272
0.6319073709558102
0.5843025789730116
0.627885609418712
0.2642801184670762
0.623938208288606
0.49146191231997366
0.11845478927844373
0.2986505431370263
0.3729392847008614
0.2284440002724841
0.339663660434547
0.2160029101333074
0.8629947051519878
0.26113711684827423
0.5364426141794792
0.24984847619394293
0.4292961835785659
0.4105499860368374
0.7872440082897795
0.8980647290076128
0.515685837406748
0.5653920802646233
0.49114673728099084
0.36667474897765306
0.7385141918338777
0.7018812210147742
0.15678792068854266
0.3765391763165719
0.17877478890556422
0.29275486710093146
0.2842664695036812
0.6725003945529607
0.6489462552719867
0.7199446974062794
0.7074649795989755
0.8420426548503455
0.4655033526214176
0.14286251035167447
0.4349463954158391
0.5873172272966658
0.5616349650538833
0.5882266492481251
0.30776657201118884
0.7020392677504257
0.5761543463447079
0.40344954630428925
0.3642565709221742
0.2329023206405977
0.5256545020975435
0.1985398330480051
0.4852413808162392
0.4272571195997397
0.4184528065522775
0.2822822988075859
0.46521158495924503
0.8622761275463878
0.5495866971010639
0.4419587506981738
0.4509870465762004
0.47155386666003546
0.31407569609586194
0.46320248528194585
0.2056223724036201
0.3662660549732042
0.2663057762717769
0.7458157200063081
0.7098907682059362
0.8512174531821728
0.7627256725974539
0.7920643227587747
0.7483997859134246
0.8027350102644796
0.8459792638239553
0.7257197533761515
0.6696607386204033
0.50227753506547
0.6933207911988787
0.7335869223701329
0.6601177168911003
0.8107766183690475
0.8007941802154595
0.6426769892703132
0.6870978064042316
0.6560541613649568
0.5305429856885976
0.6266665759888898
0.6192700286185482
0.29082405877678624
0.5334495485196142
0.48935066483136036
0.07262246966036921
0.46100376712806357
0.4336667996554734
0.5605215572742853
0.21556841790718997
0.5416080068571615
0.43498277694909826
0.4190229894592836
0.5277023394256203
0.5038154924492056
0.31232689581742396
0.4800136351737271
0.2931818356482707
0.20183048087350536
0.21667380904278213
0.5245345511903415
0.14588950016913296
0.4513105171414169
0.2224772024975578
0.20770672023557565
0.1566425092695121
0.49999949507410907
0.241990578516392
0.3869085990223768
0.49052088679450584
0.5106945946617053
0.6367894445487685
0.45252840164949965
0.6265920407057057
0.16597657062049045
0.5294921197967585
0.6535741814681696
0.6867995787354516
0.6962400306034827
0.9268113349136738
0.6793090241963208
0.3999253267388892
0.5605740218321169
0.5799260742591583
0.6728240706779249
0.06862987447823243
0.5817564062790466
0.34944822097777645
0.5115804330388926
0.595900774945234
0.7126436599753789
0.7986343771833054
0.6562054435083848
0.7239273620181776
0.624001010733455
0.6295787598349075
0.42939044310130403
0.5801119556098526
0.5999223816720514
0.653855171895882
0.7665473223168191
0.610051362413929
0.723012002862901
0.7520432770691358
0.6252518258160558
0.5026197351936202
0.4607098684498166
0.1428907487713119
0.47052573821678545
0.47423044955495486
0.35009374304720536
0.4248569766843974
0.3899796570716804
0.5127915926122864
0.518258654387105
0.09896633179639519
0.2814769449846135
0.5374324079347216
0.4579876078661971
0.279721829695854
0.43598114408235134
0.43990278921657366
0.4663338664428216
0.24642706059186523
0.13998696827662893
0.2757281112729279
0.513408647527758
0.49528642700090353
0.4708713702788853
0.4396342670304487
0.33899898141525314
0.44300449732677283
0.44655252056948336
0.3857870157540903
0.5330504572443145
0.24417045018397987
0.3931432725847774
0.7680446133765325
0.6548982197324001
0.7024211052624107
0.5484463055866377
0.7932265653870618
0.8461277611951102
0.6093102725864336
0.5897269149025776
0.8288589622646901
0.6800005057857594
0.625621207707336
0.48733982766747286
0.6511036759421825
0.7129631274835933
0.7154324031612866
0.5371834248176715
0.6544544274152408
0.6826644981386042
0.6658531343381506
0.629855149402144
0.7131492285764555
0.6445617228212462
0.719965643496599
0.7867683212772871
0.8034794487828452
0.8272416770371687
0.6168482323928004
0.7475066700235946
0.5987299725168541
0.41766696862884034
0.5978220798600968
0.5493592478774143
0.6213018044691911
0.3954282271904142
0.3954282271904142
0.4700208803617046
0.5957356219613292
0.2105154858358597
0.43775532684343815
0.19705904331330906
0.5103560217115698
0.31245428722216007
0.21295009643179832
0.20349474236950105
0.28116451204192566
0.4501816985352851
0.4036766852477409
0.07724494088028468
0.25116771571111546
0.4289774897612541
0.24563335771921085
0.3412612757815693
0.08658593618611754
0.1965268939173454
0.6328417875468834
0.36054782703586513
0.23914551960547228
0.501045504426897
0.29312909032856604
0.6032721976434658
0.5851314656539847
0.28439752916652056
0.28400911574524307
0.20539489645773287
0.2928030547359897
0.4129707575105568
0.3539521758036381
0.46075812779248804
0.5534744697665148
0.3671375109270909
0.5736255648032886
0.2763798207812395
0.5022347534925219
0.6022864034708691
0.12727983611800306
0.701419126268996
0.3218909967566464
0.5236663209702482
0.4858137187172662
0.486889887269094
0.5515741528431513
0.4424216570720136
0.3877241056205291
0.343064443951337
0.2408936231944459
0.2573020439343258
0.4172210044665893
0.525880887753158
0.3615803673675983
0.3044635480646256
0.2053613534988327
0.48270100615982575
0.5272821226475007
0.33558770062224963
0.3156767852404821
0.4594759078756674
0.564421608261405
0.46951794722723206
0.3822589645148685
0.6344228468715843
0.6306126885336564
0.36625903583158825
0.6037395035643905
0.6880648303460507
0.6854583242837593
0.6302650868089676
0.6102935894934428
0.5137075123701238
0.2786431611411177
0.5401524679961632
0.31611918211622286
0.6347112591568134
0.20961495380654904
0.5585541685076331
0.09897387515390951
0.39469015640860866
0.5875362124939703
0.2180189880521246
0.5431017149472436
0.2959830299141115
0.6210300682487397
0.3784359479661388
0.15938038303951163
0.422443728723582
0.46595470087317287
0.493379907303733
0.23702117661589725
0.5271091272264452
0.44208885386776664
0.3053592618714218
0.5074187694966787
0.49335257982015673
0.17127876234785538
0.3153848275551137
0.6455107422370758
0.269536209156335
0.4556475078233541
0.6224649727849031
0.5495210756969914
0.5249132556643195
0.5274011159014689
0.6839326040371356
0.5543016766766298
0.32255765555521493
0.28535619319752153
0.48274597468204844
0.3121477344176964
0.10317455922936834
0.321348719455943
0.5792215098601895
0.4891329056478517
0.7341631803186082
0.6140566481544745
0.473180334296296
0.28931524869312863
0.48247241105392213
0.4802330923914713
0.11212893823833936
0.45281770593403947
0.787250744110477
0.33502688018155674
0.6347750938856054
0.6155374744079214
0.7381960942466248
0.5291050251127166
0.1331151196019984
0.3575101802449841
0.4875960949835298
0.17906978014389754
0.23983327146711558
0.11097835132968703
0.4813914471830675
0.4036666401854154
0.21296647490279047
0.26390041727276936
0.44583272099385124
0.3991995814989639
0.24160330675675376
0.23692874028055605
0.07466282535003706
0.48865385404931194
0.1182595835668182
0.35042379870617285
0.34008981805173616
0.6304268515993927
0.6533586049362595
0.19340447493223475
0.28673596248386557
0.18595909317567802
0.38251582327734496
0.46968635067331377
0.1853989314714641
0.21246543756541528
0.1795666597907842
0.46771950829129544
0.2994525410559215
0.4542738334317774
0.10481375390536363
0.474899711858895
0.09191728085385409
0.3644389997801892
0.20781001416567843
0.16831769010608233
0.21197372457858274
0.36388725923035736
0.1768653365525569
0.6256719310327903
0.34647045698989
0.20761480973101354
0.34928740497485605
0.19981711362836152
0.34285727865663207
0.2074644061526978
0.24079884450432854
0.40841031939527167
0.5035080602270029
0.39975542404788755
0.4615663495811462
0.5129020085792102
0.4048690889037256
0.4476628667942793
0.47212568197008825
0.34280277253212066
0.6336369448313137
0.38662052166514893
0.10098926094097345
0.12968229899738734
0.30881340398457396
0.22861158592400885
0.2139510277383711
0.24782728739278664
0.5167103149520534
0.5312368616880109
0.4908352903998323
0.4793807710279909
0.45996277429716625
0.5553691063870688
0.47596068939891745
0.5884179298300676
0.16629363631091873
0.7312211444431522
0.5403099958884763
0.2817243373946723
0.4341171829186555
0.5270132430744989
0.5613257200838366
0.6692727640940189
0.48340117704759045
0.5472712403923423
0.5042445493017345
0.40015673692534276
0.2754188552732048
0.49453267806291246
0.21863989474954712
0.3074341104250934
0.08602322448295668
0.3888661881669044
0.3397223379422225
0.36585608998013486
0.39685362348079306
0.446929180473473
0.6105640061259296
0.3259342817714236
0.31024980951888337
0.512008624580206
0.5338466243953662
0.15409482305645622
0.4603033754809825
0.5752146329782322
0.4469408765200036
0.4190120423638333
0.2805277817755038
0.391773437704114
0.11920268533821118
0.45043450328243856
0.4306205211869714
0.13293224899902284
0.36503587789425795
0.42776962390412077
0.0936697604290655
0.48171455398303853
0.4123402642105622
0.14165975251225726
0.7353137892517272
0.6664732102954227
0.6621616364014951
0.7533804985754466
0.4996360398224607
0.5258169509014403
0.5724286071047014
0.5219338781324087
0.15007032703345982
0.26873609472213994
0.3521973122917472
0.36757202556289026
0.4965921265924867
0.49955129520473535
0.5521004629767399
0.18941468837139558
0.386267859103864
0.1804839988818227
0.4201014957103616
0.5644178852821298
0.28309206002007503
0.6784776033504174
0.25354582384251495
0.28218096511814356
0.3632555253541455
0.5262884418915813
0.14315548848956136
0.11395370300526962
0.2115275537465241
0.4680042240924332
0.29881180296817955
0.47513300556899507
0.3342161774853587
0.5193809219724613
0.3881277627455418
0.4907888737267569
0.4422986809146306
0.40656904682654327
0.25449970864824467
0.16041711883378015
0.250585261408933
0.4570161637908955
0.35950727357153595
0.4081877889686284
0.808672559692779
0.4126474631695678
0.6028348854688428
0.2899516177690174
0.3511782419349472
0.5559378314291313
0.7317047286733024
0.3894857514041759
0.7479461015819251
0.36356620436871123
0.4765439553270699
0.39435212120416846
0.4247854362279577
0.3907553864231877
0.7613053435451407
0.7207128542116978
0.346113014167326
0.5399679373368801
0.5179058858687924
0.45608387794521893
0.28563431038328835
0.4234104714628215
0.4215682135461479
0.5020247669841065
0.4913833000649023
0.6772343181476933
0.5359594651118438
0.5858239520969266
0.484070620927657
0.4201558593722599
0.5128409745797813
0.5132829481690191
0.44719499214982916
0.3715027176548148
0.48425543375314756
0.3772613428765166
0.4198610866424772
0.48991600242022354
0.5443774521858498
0.5125114071589053
0.11953818251461684
0.10028664232165838
0.403639010597235
0.35972613425252953
0.17005829222310678
0.19619652199727097
0.2892354321456935
0.21186928168428346
0.0879523082997077
0.6069234697532842
0.09141119859848788
0.3127450347221309
0.14487807819658996
0.20316488558238371
0.23588409330633142
0.16064194022272787
0.1256579342947718
0.31996324492951433
0.05787086104053087
0.1244666964954463
0.3148916832018038
0.3241490945949468
0.3500585721535172
0.18401774264654036
0.13883309984556355
0.18897598412901614
0.41641152340031773
0.18711586520161483
0.3558739332848088
0.3328958083375988
0.17926847866977696
0.2033977166578987
0.19201944633549717
0.13435405927551913
0.3580192379365441
0.4650308474436149
0.3476537067414964
0.3325125524505932
0.3324382691611853
0.1430149484844177
0.35045566615656315
0.2118260602479524
0.26617480683392036
0.30226732455366073
0.3174023101807232
0.42191663383306743
0.12430663771655613
0.2350273344045001
0.31077522866738716
0.2224242245899049
0.313582720971877
0.13984487075053806
0.3197362121891291
0.26723414373385895
0.40803382679094974
0.12930717658141969
0.5125144472618411
0.2707248609087411
0.28038724989540303
0.27550846299105014
0.27534598597446863
0.19927495037916249
0.25793539133876103
0.3841975404592483
0.5006342310947074
0.33728639227208207
0.507935609969411
0.6967957448712495
0.5125815582716071
0.5186092218629929
0.4217880222998334
0.35345583195117475
0.6049093126233296
0.4083754183530727
0.5933754427925629
0.563077202637447
0.4659040133336417
0.5664605655722799
0.34583908500869454
0.2552726786856889
0.4645349073146305
0.6369921748184564
0.48375051073565284
0.6049501774657216
0.61529419699553
0.6613657937500746
0.5758941708838506
0.4697609823104635
0.5763678315013014
0.6709474026288293
0.5709407269662938
0.5211729517600149
0.40198955583876483
0.6363018625220992
0.509988413491538
0.395854637242019
0.5015659728253872
0.18729972866935735
0.12514512423557878
0.2718652404208445
0.16525427926726066
0.08651180111272935
0.2126162770298178
0.2690784714217637
0.05071227019069882
0.10515481457108583
0.1999357481985048
0.11583781901878151
0.3347931434021422
0.1657043791499181
0.12419726073054478
0.2775034180363804
0.4020697918081782
0.2573442615476147
0.17292660673439086
0.20405582202853978
0.3506351684214394
0.1140540075874025
0.14430026481577304
0.042288637547151946
0.22118240211752274
0.31667671163757627
0.24179617351251487
0.22827142836462697
0.09814086682945022
0.09529710794616073
0.34082112764356703
0.14395286462391718
0.12175319067184016
0.08117155144104243
0.15697782619027387
0.3712427687945947
0.28499843916869955
0.33791776424378356
0.3061765677428199
0.17264848174507294
0.27115784019012124
0.16094178971432502
0.22109636994154291
0.21354984765633883
0.29912171597773873
0.2177192661295179
0.4135940014613758
0.2780828311642119
0.38682207575790556
0.2743126723024467
0.3269850024714732
0.30503277980772237
0.25108528670974695
0.3715873626285891
0.2031588070957449
0.2662852255626353
0.15271088007403358
0.12052219988517722
0.10803543153301373
0.3211604572613683
0.3359207467800923
0.16735075781957137
0.1156498524065882
0.32102259429305147
0.41180128250541936
0.35490288180050444
0.06880892308619865
0.3848084951727056
0.3137578058933041
0.2318412065419578
0.16244934308984885
0.18619664481361478
0.5116979673905032
0.18864349932962288
0.2904621279411688
0.3680641179684632
0.3398351035035251
0.23479990142790183
0.32620626721551654
0.35050100987922433
0.16475151624700082
0.09837118387194825
0.3594811121692767
0.11136837112946654
0.40108089982951506
0.33836238417614134
0.09645250624533065
0.18425898143744537
0.23538982423090082
0.295968468325299
0.303043614593439
0.3401316263893589
0.07368433210429426
0.3210519524816527
0.13656742518528656
0.22162456527307653
0.07125361653458172
0.3624833176594277
0.1971276121633704
0.06243999880270999
0.09035000671400485
0.4104279776525053
0.44567218310871914
0.33041944648447524
0.1357913700371263
0.09849602599401917
0.10200366084330405
0.3374300246451139
0.3625323092922219
0.12296795774719253
0.0887097364448357
0.3600776710078574
0.11254866159749607
0.10228335730871597
0.19598800526713778
0.3994715175938694
0.2627251022128073
0.2703040918766239
0.34229094835464596
0.1972096627317494
0.2458757552254074
0.1277308543978248
0.34488152436573677
0.28048860824641253
0.12900586688594803
0.0890300642550719
0.11419063803330357
0.09486957504467247
0.13996642932775
0.47845622075635064
0.10742055231994534
0.07163412686373395
0.29144967388830334
0.3040949205190144
0.21314863384740634
0.18344819459437178
0.3868880762416099
0.3503959031564976
0.3513519973318983
0.05667747111442607
0.19298732223470805
0.339031463997953
0.4020347064195028
0.3613882643652012
0.3083689218962388
0.3122960236852437
0.07886880201596508
0.11820364617810397
0.1718811503494447
0.15469302379972194
0.26134541340639267
0.12033242272581911
0.12498072363615728
0.16102157939834943
0.19957307087093748
