0.529941606038669
0.6650356489600019
0.5628158124577348
0.7661307853504152
0.5491356922069147
0.8644689527371847
0.7860638679792866
0.6162621252168331
0.90004595002436
0.8987797216433566
0.8854282741076474
0.7900728281494268
0.7246723506503235
0.9245731644935454
0.8292999709023521
0.4904440615730296
0.7998460103141829
0.8761207256073411
0.7814745423050599
0.7505901947440762
0.8069907522527142
0.4334787634160176
0.5536259511333836
0.9277498559389459
0.8949487001904932
0.529760004805529
0.6501550057691625
0.5401959832173828
0.3130390335112247
0.871442962551307
0.8506180941437115
0.8006858935441705
0.8708407882401852
0.9086408042245779
0.22975027292864636
0.49162508271677385
0.8719725039487155
0.4654498187046719
0.29189916677889777
0.26093114207679297
0.35557584974582024
0.9066197159896421
0.7066204067464278
0.7970351764914825
0.589226242058498
0.7775207020724244
0.5737688653548285
0.2503697630669894
0.2925285858774818
0.20686986144411904
0.45759587261251555
0.20899335642128275
0.5492433828665941
0.2535735485240038
0.6678704890550263
0.39375347460766974
0.3979561462936679
0.47883910854109923
0.52669169681654
0.23851453195746783
0.6448539612653192
0.8485281889295487
0.8830016055131025
0.5539735018951553
0.8747609478625583
0.8612946323484982
0.4181335632757537
0.9098886894096947
0.8373142074391828
0.49413236972941355
0.6467610496952394
0.6395217019415294
0.4829067811222551
0.8076103400347335
0.8983447347672504
0.6496982440147344
0.7291288265042444
0.642236828949817
0.8692343850585386
0.5365137501045615
0.5324544270072378
0.43261158367917496
0.8282463393682568
0.5797787442540906
0.45469802996582276
0.752955869479621
0.3618866165617597
0.3797880789506482
0.40846775687729864
0.33523653407236503
0.35638235792771017
0.458275194833922
0.1196260033716566
0.42157762768696483
0.5663358795430071
0.4610081491034597
0.2597797280491646
0.5564351694941793
0.6277266416775452
0.1492830482410686
0.08609649306825201
0.45303629636247916
0.20255561387930468
0.37307019197408153
0.4801743371631717
0.39717995174232096
0.5219409788159873
0.5035291677187544
0.8964962087208416
0.8739334420830531
0.9111475437529749
0.8247764765926775
0.9220886622356731
0.8483483694991247
0.8497561460768227
0.8813278121034658
0.88834959380268
0.9112796227016262
0.8085553251881604
0.7811461471150394
0.7552996854094164
0.9096153113696311
0.816356903308604
0.7320351497164356
0.7516985018405705
0.8473851806395543
0.9311628224045019
0.7483309951403294
0.8356085321206178
0.863802514349875
0.875759458937079
0.8984880889960862
0.9352686928106352
0.776992548887954
0.6099644585911991
0.9048593196956682
0.8909710103318216
0.8842369596513235
0.8479852696312179
0.8462308129642876
0.783561883593455
0.8230507693859085
0.7865869648341637
0.8229354714644457
0.6439701107248627
0.8475294764234015
0.8166813594855383
0.8359174191751084
0.7341778387444463
0.6795525403887359
0.9236124989192115
0.5531254368394825
0.6647112063701883
0.8536789045280633
0.8765144745853739
0.8896870870339776
0.4984152756752709
0.8529267226770731
0.8939591027875244
0.7134827804314268
0.5460950254638473
0.8751380097469482
0.7132838675644873
0.44447494749461397
0.6349229553346023
0.9022399070026947
0.8784291647735346
0.9002408385657954
0.7579207093222599
0.8813833833632277
0.7786170771260527
0.8851175092291012
0.8695568479035324
0.5087531534182944
0.7973816736981272
0.8973380469976533
0.8911539401906422
0.789076705375691
0.9149200903970436
0.8750244404432591
0.8422313527188121
0.6433222993396113
0.8959268044896032
0.8068929732383738
0.7909216530933162
0.29115048368152463
0.7001159613791235
0.8892217040727549
0.7783577159246291
0.9328464909667126
0.7747742499655588
0.8122733701439742
0.8618869527611178
0.7691279260493908
0.8779662499903897
0.9357031285603429
0.7982005981467722
0.819039955112086
0.5354973123312979
0.7856502113131364
0.6990021573117302
0.6787390245362942
0.801192144536264
0.4638820688007072
0.6903504497436672
0.7689820280696282
0.854438451934965
0.8045541728315531
0.8397661625855344
0.8523561095964762
0.6272931160767796
0.8535126546662548
0.6734168363267351
0.8173931975211866
0.7693026870663423
0.7467247484301446
0.7470788368065743
0.6828535849326912
0.6425400870185599
0.7547039635577779
0.7169761192401263
0.7825473245231939
0.7469968961736123
0.6857067387024639
0.5783971416289218
0.7916740453545354
0.8101737398852505
0.7640835976872231
0.796848231816027
0.6294894671680535
0.7168195911728512
0.6382286614392273
0.7715296546689119
0.677660160297226
0.7002298170616945
0.47079615126730207
0.4813652351519194
0.5498858055496504
0.7406748004018779
0.7918209286600225
0.7566024046130969
0.7653967140944553
0.8350994481408022
0.7684857244625699
0.8900534648496831
0.7126133578856304
0.5306778845280357
0.7938389630394552
0.7952759595754874
0.7158474594565785
0.4779382041347173
0.6377662143755957
0.6600066859244617
0.6962593580539012
0.2485488854544915
0.6248774069996534
0.1959912718082463
0.5673809063237211
0.4429027443767338
0.41167173131296286
0.598031051136938
0.1153294839037401
0.3512568417373047
0.669813345964685
0.4937146173757968
0.24953781030411054
0.6927154905890247
0.40126140098714946
0.15517142843337844
0.2243498332769286
0.5260005541791856
0.3904881619588391
0.4733946847308426
0.6338646757168905
0.04310815179007718
0.3445552766944954
0.29384849707047445
0.16761725156270912
0.42050376183212096
0.04100337626037706
0.48936054605557705
0.2402754403425235
0.635399766750686
0.6123859430112046
0.5549958570024273
0.24594670385751946
0.4986696359975466
0.6142567899217507
0.29624313061714286
0.48297118370741987
0.34914125948842384
0.6038224353885986
0.3353075859013227
0.7112878644574008
0.6882945537316177
0.4368139252017389
0.5739391002860196
0.2795070624816832
0.26131933935973295
0.448577748888085
0.37380302506008833
0.09036138579602014
0.48445939764527907
0.5981631265669405
0.3757063639048181
0.27493021033218257
0.2748663391296857
0.38480260146836526
0.5156749394903001
0.40145859042973164
0.2811832263825686
0.7024640498892656
0.46460502583128405
0.06446352208057453
0.25025240732684817
0.43989041540147117
0.2554558400908462
0.3494457437797608
0.3581658502823824
0.4828523433398614
0.52294157541679
0.19838350983541403
0.4600846512698609
0.2719035817781931
0.12747819422294906
0.2753516295506174
0.16802272439583277
0.3955453468634625
0.17764404927113409
0.0821699728953292
0.3282263950733052
0.13144961365076033
0.5153108194041729
0.6233981974685691
0.054252631767127885
0.3453449823407652
0.5204947133615935
0.6666444706393614
0.67592138955824
0.3691090132384145
0.6102497044674874
0.3679147555789608
0.5391867942763661
0.7023786522906833
0.48726643696686694
0.383821241130341
0.3076822253034642
0.40681715005464897
0.2766773492091285
0.6356319037062358
0.5327352240668364
0.6667376296682265
0.659007905580303
0.4523975614754506
0.044619128545563866
0.6423482149410166
0.45907406589210054
0.1979963327011462
0.38885679477525203
0.46229732175933796
0.3360450457387183
0.6193427076254532
0.5623522807507224
0.3057900895255193
0.7445172264371303
0.6104140302466465
0.5160896515030856
0.2616180033013215
0.37129793495839414
0.3530050880545268
0.6139553245359016
0.8633421717212212
0.5488749186655452
0.7961316277690365
0.596943242298241
0.8678324965718294
0.8077128045637926
0.8105431680534206
0.844618791075144
0.9620462121412824
0.9046861573664629
0.8627045013162323
0.8555751134190592
0.6002314184807003
0.6906935570571946
0.6638461279702934
0.8242578461111281
0.38190784945719586
0.5215052713613207
0.42651407137771896
0.4706998451844788
0.48768150307924724
0.24144652897054014
0.19181594091594947
0.5821196323122468
0.8281372437423961
0.5369768390096691
0.25692406539843216
0.5502737692614584
0.5854877651169816
0.18172468007733966
0.31121309815573606
0.4283657567171826
0.19235345948389007
0.35388408727660536
0.0946646157090707
0.8965417559360829
0.8128669949726283
0.7348858760420813
0.3826375793711692
0.525078591682318
0.1334235894725409
0.44832886049571324
0.5764902587472408
0.25840772925368566
0.18292807056643937
0.30919814498983084
0.4685462429965332
0.8694530762274
0.8609090410398813
0.9265763591993512
0.6842191064475617
0.5568689140320685
0.39859454887065726
0.2987162126566987
0.3383471336936721
0.760190025959961
0.8753562624616352
0.7833163420038044
0.5784636002034963
0.41653107355965174
0.8893103528551689
0.29880286999158034
0.14784821589955682
0.3300087490096125
0.4736945804079945
0.8574110435407258
0.3046649371572358
0.29136308113295656
0.3420918195059934
0.716866579325299
0.8737448410729551
0.8377558466532586
0.8283929714798879
0.8435883708990448
0.7047129330223818
0.8093106215561126
0.6467146697877639
0.6856003531676109
0.4665422038984296
0.7299533217044026
0.8937895405767599
0.8853993667898817
0.8583948350100938
0.7337887043619434
0.5431171280702823
0.6181736053875804
0.3319672168162116
0.707844573980864
0.5204454387575229
0.5880833832481678
0.6834727799660348
0.7604823601853498
0.4534036125293236
0.6565071946281172
0.5938646510964423
0.5342872151287704
0.5730022445812707
0.6741998825657392
0.43675617011646944
0.3387864382869566
0.38727328699667385
0.14457108847759637
0.36076600230410677
0.28478935686641665
0.6527114008934974
0.1735119238220351
0.4989870535624254
0.34688118683045266
0.2504427181683073
0.37256490616212246
0.645732753320767
0.40315641709355543
0.44790893794935743
0.405101551325232
0.5929081458383955
0.4913801148444029
0.2938678764045651
0.2832494080311763
0.23579717931257613
0.5717627236098589
0.37337827513525335
0.4192253706723149
0.38383579952370106
0.597916892869042
0.6554560419742991
0.3147465640250933
0.48265397535509347
0.39383080334456544
0.36628861948293356
0.35761596633958276
0.4980618872511522
0.10887887910084312
0.6276895004718724
0.21336728313681486
0.31917265422580127
0.5728456336023504
0.2541340480394245
0.6968438566532391
0.8144996163978403
0.7614272556389101
0.9034213788918681
0.6285050724225102
0.8854751032019517
0.880851450884538
0.9242963220111942
0.9598250571190174
0.936136976279768
0.9084132926566094
0.8889856363051016
0.8499128605457162
0.768259095963058
0.8540248231557325
0.8970596743621937
0.5305384285497236
0.7228119645141182
0.8859089690441323
0.9562103858571652
0.9481405572159016
0.9335287483160839
0.9427588168234293
0.8461946943892322
0.7325073174639071
0.9452884275457555
0.8004090349065653
0.7334605549491822
0.9253979931055278
0.8288433959506959
0.7002246792009124
0.8783964641776529
0.9005467070924651
0.9101585851813015
0.8752797978917611
0.8957880801938476
0.8701968305142395
0.8297582828714903
0.9114453824537685
0.6869720593309365
0.9252395063490929
0.6757251854704622
0.927389230411174
0.9225297291728365
0.8246432535610168
0.9130255661535267
0.8547679379535984
0.7640388008170581
0.9109239001144521
0.5621038159079866
0.9055974334736494
0.9143453182010443
0.9002014352099094
0.9109814438971652
0.9027316621673913
0.5125935242294443
0.9038124637728958
0.909767818323841
0.8665359294590633
0.4830247685743649
0.7726191006334671
0.806786432246299
0.6558986218549419
0.7009338571618805
0.5695092644776696
0.5639513087090207
0.8044190867540427
0.35709016096588575
0.5230461008144193
0.856057399222388
0.782354081053762
0.7536318016154607
0.8383869277896839
0.7783239735108561
0.695386774224038
0.7005597419580043
0.8119940637963411
0.63721699361456
0.6588092741829279
0.5528442915378258
0.7359679713190226
0.7760603685362495
0.7585341756380647
0.8294152228567211
0.8169263563579089
0.6444788142526024
0.6865393524195572
0.6498961701676838
0.3346755434423378
0.10158191054337845
0.33424662346494693
0.32482200164789143
0.6772675570113408
0.22868400382799928
0.3161404685491196
0.6438298349086216
0.31198455632293215
0.4481496607921801
0.44672535050643214
0.3733032659922614
0.6200928986249318
0.09960951933307564
0.6642786206872324
0.09104254264709842
0.35331858972675173
0.5519775524647874
0.5656767839890601
0.6045418523832201
0.22469343464012945
0.33644234526350963
0.173493093143386
0.3245009665277716
0.6663841330736369
0.15883344322192475
0.3024542690980254
0.1552998791362566
0.21650787281051134
0.42941821186083734
0.7071585288544081
0.6939135502800847
0.3154525905388679
0.5769830445289207
0.42494410686133327
0.3003629205642501
0.607623763454737
0.7060698991825893
0.2502693043079415
0.09585798417311978
0.4997257221753086
0.5996412286395968
0.42844335221992275
0.6601931397767291
0.6583056070869359
0.3336659259775963
0.5109725537206411
0.1293496587031404
0.2061454514620368
0.08299779014932822
0.3456226364006479
0.5081057374953846
0.2583802451834846
0.6229748126212686
0.622463611958225
0.17806393820988056
0.6308386077959388
0.6878034860043395
0.4094821251211416
0.41913179064634465
0.38226483303032016
0.6640941826428072
0.4820640596096864
0.35649726424499056
0.13497062813922553
0.41843799433228995
0.7252150700005853
0.7338690760343118
0.23674258737521062
0.32762758115989443
0.5711306471710076
0.2055414040815809
0.6438003533371173
0.6896839045650281
0.39803781630480284
0.2783822532891342
0.4639325190496975
0.4392695350291976
0.3034497796985433
0.6653457889869714
0.49763005609600947
0.13195820362525165
0.11886390947518424
0.1568174498840768
0.5115712919085744
0.25617188861987084
0.29765273971508593
0.6577479721007644
0.16247258679615534
0.06962801192359229
0.40513922437888583
0.6793225037421485
0.6965066875140898
0.2125807886783608
0.24380705593661392
0.235057870714206
0.4056664659251643
0.6438233292820534
0.45196105860884705
0.3007640592259966
0.06716212691778513
0.3964369352432881
0.6359472480873715
0.08629439238835783
0.6713069055340727
0.20974667923425602
0.7012188822588543
0.28525545947135295
0.38238021603638445
0.2524829241305167
0.42525048524821313
0.11959144620963381
0.14095632995502733
0.6843278208731542
0.5755692311962964
0.30545963845087654
0.35484946054776056
0.5666723819561351
0.1457529142828974
0.3564301056634036
0.2605559774341495
0.3983484248624032
0.45211424982991505
0.13138984339231322
0.3950594251624818
0.18397216329487315
0.3981470673732431
0.38635701358443314
0.4046679768433434
0.2549504940489747
0.8207563356052794
0.31725883093020785
0.514173658984637
0.22394182238950439
0.8540622252682013
0.895603322744783
0.7032147463640058
0.7028938379480627
0.511003376343299
0.6733777715529247
0.22855458355559577
0.1880880904882166
0.23508822365766952
0.8724332217195581
0.7642717462702119
0.5399877235626451
0.6741940686460883
0.18993894395221414
0.4666536186986773
0.2928862462365908
0.2839783257327016
0.5277638066815241
0.9392770269261009
0.774682528599494
0.9079190300348453
0.6035502432581352
0.9321911307804303
0.858703822797568
0.4938808754377468
0.8679372450475473
0.8955198004474658
0.6977684893561328
0.5071066940944869
0.7292699067495718
0.5115340086835282
0.6479410023136503
0.6493549130736773
0.6752471244658765
0.25622572835448226
0.4597343254461597
0.6355923411510632
0.6842893829159519
0.4511541374982869
0.6942779471207446
0.29866198006048716
0.2890008046829437
0.5662721156330904
0.4270462670307068
0.22114741626720139
0.6401674672126384
0.4072364182674821
0.43774831947288395
0.3819235626949394
0.4044221853925952
0.40282044362848046
0.11540573011501673
0.2572453282306216
0.8924493377645797
0.903733959257486
0.675570948137043
0.5447278718368006
0.3580676070130575
0.4648614721855777
0.7049928163321605
0.7179506916313929
0.3942449057144139
0.630433656949074
0.4270543028038852
0.553551991850996
0.4935885109045968
0.5576330305778588
0.9304316575732072
0.48788398798607485
0.8296124550981653
0.7434705283561588
0.793892800592244
0.5925896587243201
0.17851130838533197
0.25321609538223927
0.4930535653621782
0.42756734411152536
0.2560493853133605
0.658919375132042
0.5570440715170175
0.791424836662167
0.9179364575491096
0.8939232207019412
0.532264764607991
0.9157892507254756
0.8743807345395574
0.8368480132493268
0.6921891427761451
0.8954794702431866
0.2911376882989818
0.8462610822057474
0.8830493925077464
0.8618919688851194
0.8113817122217034
0.9011101841378516
0.8683381135874972
0.8890342030589561
0.805344837737797
0.8084297099863088
0.8460071068943166
0.7142626343389028
0.6931047377304118
0.12874013417538613
0.45892553552434195
0.6133646384684032
0.5571222908882779
0.5629053989278108
0.4458593607432178
0.4723904881681754
0.40597821570735243
0.6785418224363703
0.45666635180326987
0.23852198826119123
0.4049029956126755
0.41778351859026985
0.4280641849581889
0.6745912999771433
0.6306913711189363
0.4382349496348432
0.5543564539751731
0.2852028508719537
0.675830692553056
0.6363552341701527
0.37587278878151953
0.7477414201751924
0.2883315369534792
0.26986167538502487
0.39106976903478285
0.5254710921742591
0.66608949778922
0.6571945462604336
0.7373954633876446
0.6162305564997688
0.5497324696908038
0.8448317775715211
0.7850953137368613
0.6163005283795464
0.36876223853181034
0.21344024756424762
0.5337095774428693
0.4090707516881648
0.7566659194558314
0.5649873031177418
0.9002410467947479
0.9261809858568985
0.7614179995243825
0.7271107346399354
0.8272670112496111
0.8569654751569233
0.16104626841220396
0.30950860224210014
0.45273089666604205
0.624898030964531
0.7334011644004059
0.5924132654139115
0.5749703570330157
0.08686668664170819
0.6372822902952805
0.3482297493263495
0.4817905782045318
0.281230742020714
0.3906464925997681
0.39775917862925075
0.7323252629689699
0.3911236934968884
0.6573068155096065
0.5250795305019966
0.5517371602059957
0.4180327210167925
0.3009444864457163
0.3746693576312968
0.43297146874312537
0.8969980828094252
0.857267175412271
0.6088604045300814
0.22902168212350904
0.6154638563595349
0.43091300813717826
0.5892560706458854
0.6999014458615112
0.23521426501304527
0.36074104815071995
0.5994349028339551
0.5560207961334452
0.2526729171382124
0.8721785942264405
0.8968782298258843
0.8844244016731694
0.7524658449221826
0.8816986772582024
0.41159640091536426
0.8647496319597943
0.9015189494342246
0.8987275731435939
0.3306814744353086
0.6168156035209488
0.5737096209307905
0.6368775854729455
0.6129710134195082
0.4030519727521179
0.16579111591370804
0.3363353402114125
0.49781403373400945
0.35574036711238205
0.7134886725846388
0.2693388267533396
0.44862942687204227
0.6107611058357915
0.36600917191222615
0.3726358672757781
0.3462300941998781
0.5587854801723928
0.3148811968451069
0.23367871426500775
0.28381244103368564
0.35375005673772264
0.5299129182784242
0.5661771542826237
0.5092801634143558
0.872611755144771
0.9018813810739248
0.8426952839925251
0.8866139572713273
0.9010627103033486
0.8986568745967364
0.8224184208282472
0.9072607932245749
0.7849555708128518
0.9279723159041776
0.932256032354956
0.9369548794123352
0.8248594031832944
0.8290608899739199
0.8920944697807744
0.6729477208694953
0.9049039582990506
0.9005953942564221
0.8397133172206768
0.8789083346504019
0.8805109994311601
0.8763603191490702
0.7675905431830159
0.7803229010862359
0.639714655766908
0.8983333882167622
0.7972877262442687
0.7132699533839416
0.6262488501250043
0.5634586899991797
0.7197463689158053
0.7203168852618508
0.7138222000070884
0.8880145732632267
0.6707330735364616
0.3718358147876626
0.6478463880779279
0.6016398383789912
0.6228612297561843
0.6604483136080673
0.8437605165011995
0.8405027542229416
0.7752978953745255
0.2982105268168059
0.2901584843118093
0.442262608863419
0.38633642420137587
0.5051970163877625
0.5807947141199484
0.6326471953070851
0.28942747749342135
0.25669801383432456
0.13966931918474218
0.4288526817285628
0.3738455422520017
0.5722037131846279
0.278450188831784
0.10215571208860251
0.6647439304541592
0.2583665039783714
0.32665990874154976
0.16175323592093122
0.6887284807852456
0.25866984180665803
0.56290888237623
0.26224035666387896
0.6978296166790978
0.3891855362697041
0.41709158633506477
0.6908503803219214
0.2926033090771686
0.2809211305689626
0.3027725835668095
0.6405130837703723
0.20639744613336447
0.5081442123089284
0.1445505973976336
0.5517201647016406
0.2683522128316522
0.5601188122092465
0.6377150546799171
0.40943290716155817
0.4671589084636488
0.6594210396843673
0.15239575277862857
0.09768059842901639
0.3433258142114328
0.5083579749372912
0.45416558271538027
0.5144471098653925
0.24457913077671514
0.18396727617383385
0.3347983120621591
0.2774666018539448
0.14323088325827335
0.48902887160868175
0.22282537218040327
0.3991427839683514
0.3912435928638592
0.15608981923580648
0.12988486231949334
0.17153409009366324
0.3861553679659598
0.6944641637943433
0.44890512456642456
0.45170746880117135
0.6068186577490347
0.5916249899439213
0.33020265561811013
0.5580080281863712
0.5996272630861714
0.5595852734502526
0.5865572143609682
0.5355273847707482
0.6148134381439575
0.19848132410716784
0.5714639426480215
0.26679534784381526
0.16458641524222503
0.9208519445842603
0.5695639926699081
0.6945314676281438
0.3783560739512383
0.6779501642869888
0.18070805938269469
0.3053513098736382
0.4660186344765392
0.24209662505273458
0.36955346558461016
0.9138433467541123
0.9511161005706068
0.8142963104533864
0.6987236932940084
0.9175315869315845
0.8479608617505144
0.8358776839020653
0.7545538654294948
0.8092762940595067
0.7068529093214996
0.3697716183714799
0.7145122811492911
0.4625308093230209
0.24921227720473063
0.27521195883867544
0.4152129630856177
0.3712508914346303
0.24387620099679982
0.6149054599605104
0.4704928608310863
0.6434956154352982
0.6859660279077506
0.5117232552487163
0.4477717086774786
0.3353132056684455
0.4608128462599567
0.289283692584428
0.5720122975126589
0.4017243094931154
0.5136596504064125
0.2694674562886211
0.3598801306436782
0.4090841762226993
0.5265821934307491
0.657459718660536
0.7851393536601335
0.7536660517050782
0.6683030904515309
0.4659476864302347
0.315460064502821
0.2694644723353603
0.7271430613488821
0.7547025677720705
0.5073184293812382
0.5246757982796842
0.3443484414975892
0.43266966469564805
0.10086222566290808
0.1466743800697715
0.32355901596525116
0.19749168678894555
0.1504395569326441
0.8361577619044505
0.8162831550425836
0.693931803923236
0.38349146526475
0.6333156573336944
0.11647402063887671
0.1352597333076323
0.757042253605701
0.8952637676721013
0.8797690676622902
0.3099360105224155
0.7799845493835841
0.48006530556550897
0.8722105630894528
0.7252069632229242
0.8013102052631668
0.2414865935097806
0.6442426974119858
0.8515051336594577
0.32048939067266685
0.5727132046775736
0.7073728783368991
0.6742517307450537
0.31727593362101264
0.28609572138015754
0.3117678040002675
0.3740388641785254
0.670885410199077
0.3528001055000602
0.3643495411912925
0.6599389720624556
0.5707220127427817
0.19743300420801824
0.3532100200165664
0.37886945821811413
0.2958898380216427
0.27293166149062403
0.5003138479048159
0.25027966307369004
0.6513736254669347
0.510166320914465
0.43156718070129835
0.14212877479691322
0.25627323857937007
0.15795277722101228
0.5728813678268795
0.32017198538301805
0.24510087551442875
0.6043677549961307
0.16786901219415823
0.6201227219022906
0.318699029834422
0.7734751662701319
0.7917436758158303
0.5141579709504983
0.8668204319432747
0.6626198780387512
0.1475021383164226
0.24688534185845684
0.3310809697222644
0.24159080737978655
0.270977390443001
0.3839902849738158
0.2889854687145536
0.12583859192368518
0.4245135363500569
0.2941945078667512
0.8285847274654677
0.8732499566731844
0.5391520400789719
0.8869748094210547
0.8612810106917999
0.7364586958565421
0.8623961722501634
0.7232020543207625
0.8640130999432012
0.6294224411031639
0.6492307791460529
0.7867085834454021
0.6593349925166849
0.7937263304024564
0.8566332506455643
0.756098654177957
0.40227099806283606
0.548993467979421
0.22661217570996453
0.6322913725510942
0.840297960274208
0.7290504256014047
0.5062981395772284
0.6501079093141247
0.6171520721317415
0.8237901809806543
0.7179953799363823
0.6490833736922549
0.5720334424750061
0.532527434907316
0.0710061988698339
0.29809711315011395
0.6973259093738655
0.5334158834760513
0.31628837547076477
0.22157649810047284
0.4382129464557898
0.6527109278751689
0.463421674412182
0.6809772656813597
0.1312741229058964
0.5298621969975945
0.5101014194420042
0.30816022468696747
0.43549616894080534
0.31700871157511024
0.4488887902976298
0.6569756961343716
0.7245597763607333
0.32588680538197845
0.2679197111179682
0.3058774592418956
0.6170327285052019
0.39257720468263385
0.6533606668416432
0.4734796396109207
0.7643988595432212
0.6669974285139288
0.6090113128974378
0.38085375124089044
0.5445273225109343
0.6303322552593099
0.6625831445592381
0.4732669769985035
0.24251301917492996
0.23084752061018957
0.5216799499247827
0.6560935254316419
0.27795298166615523
0.24528782348061218
0.3987079349058268
0.259370682910821
0.45402499014442943
0.505143791971951
0.32419864944936827
0.674020049856039
0.4006416497317142
0.6222501973627874
0.2709149373574158
0.2757131518664366
0.3130414701315939
0.5642314836752217
0.5887766811906698
0.22299516116339116
0.5190848787584736
0.266456128702082
0.5117239511557029
0.6861731514116195
0.7630779757855823
0.5277802264563349
0.6814686932948865
0.5728375215447918
0.5311736368535732
0.5742018531498745
0.6412923715139776
0.583107948334891
0.7346112017187533
0.42996217621773003
0.4731972849223478
0.6278375732395187
0.2237862941296022
0.4392183306950505
0.4735484869235523
0.4105898100730131
0.7646853838880389
0.7773527668044005
0.8876295467315559
0.8237489584334451
0.8281910829627158
0.761165216645505
0.6103187111009347
0.5849406585359953
0.571565944376197
0.6886458335948987
0.6383045140920726
0.5155701176135327
0.22254804175494264
0.5721269565809097
0.6512086934979838
0.3566571289099457
0.3563755019505479
0.3860784988033295
0.27827598687438637
0.4028089108625545
0.3248729550028899
0.3064463866008576
0.4566520898798281
0.7678845260098515
0.44519175562749186
0.5310563585227285
0.22708845446404016
0.6292640210775172
0.5907670307010823
0.42156855296867457
0.7591388010125802
0.40460015270971267
0.6509289443839473
0.3178625650584563
0.46105901264402643
0.2748484436393983
0.8904696280653521
0.6070782945366955
0.8729291046394758
0.8907406922776875
0.767610212221687
0.8447585480646839
0.5894706602130473
0.7436435123837289
0.511815897626157
0.6909862106714899
0.7191271925481112
0.6787526240875799
0.626294901729733
0.5216500008321816
0.5305656372357087
0.25553635859510865
0.30277960696510203
0.41276615101381525
0.47217501613357116
0.5613405584022048
0.4632775918843467
0.16586739895086033
0.6377535614041808
0.7029168108965669
0.665188593610407
0.5723034004521511
0.30226845883482173
0.5154869335760884
0.3195116716845433
0.4462799238374128
0.48957656779574765
0.26812644849757605
0.2943395776357945
0.28788612242536
0.2502064962621655
0.2693912220224607
0.3947346763268662
0.17438943720017575
0.1545722603454795
0.22870067013712392
0.13340676764492276
0.4577881338137541
0.43896787678862476
0.2880168307252883
0.8327477958352173
0.3373810275326144
0.2153956944556521
0.8827707509101783
0.6108160248590885
0.8758356517745217
0.7490248923730738
0.43909258546789376
0.5016279917343324
0.7472831776047147
0.5394178572934444
0.7046294198304401
0.645167244214459
0.5901541946195965
0.7176147254634984
0.5735949590096544
0.6354127431518561
0.43935514465862063
0.6187533462237113
0.4392221786606298
0.5070820727676945
0.680303151723485
0.4189232402892683
0.38427028608876224
0.40896278958616034
0.5477829050369332
0.4693789521426537
0.5580280283488466
0.5261069053999445
0.48417448645660516
0.48245977635972925
0.6169911032160845
0.21195654503715927
0.19234608208537485
0.4308635704578672
0.3674101207801052
0.24164777618049102
0.21104438347194707
0.19940139504444362
0.5870473593785143
0.42864544800355936
0.4405140186486669
0.4233747944467666
0.18659198194886742
0.3254607805535763
0.5334146853489561
0.21408724870431653
0.15413739167530074
0.09221803608422502
0.3408926418879861
0.059628796052469527
0.6043558913622186
0.3306047582563819
0.5811705829403155
0.33070164036222033
0.34839941779385464
0.14673589679113158
0.36271497206928194
0.43552133170441104
0.13336726822281522
0.17551620565714818
0.26924363060923384
0.2593679161731421
0.09901135420705719
0.13365705521872845
0.3472372137008919
0.5589260651282755
0.4284552525728818
0.17091367457945902
0.3746824226403757
0.0824367827139044
0.3205815260887793
0.3981497623240587
0.45060200341011514
0.3807135416808898
0.1627777071245307
0.1117373064800113
0.5917574832787071
0.3569526668887582
0.23005740762442684
0.23928035342052012
0.12640761848780765
0.3088825206307736
0.41461610193719106
0.2658659041813571
0.3558348528892678
0.37911183463998566
0.2990830263800568
0.16689336721609624
0.43999510509225725
0.44470424614605303
0.13742502390092282
0.3623868763614731
0.1329349422453074
0.3335784962358919
0.1827467257884715
0.204697176675035
0.48981359308810885
0.24074278932845028
0.39230335168302666
0.07855910914463428
0.19824411309466577
0.22703644382540616
0.722893176425023
0.8292608207352308
0.5374719963743668
0.8961171665683875
0.8343926276083111
0.6635005640944668
0.7223346209848128
0.8914930148781584
0.6295631331183219
0.8345281174896215
0.7918484297595699
0.5679575062634603
0.7938694990911856
0.36404068009819623
0.2864107138863796
0.8594585717646507
0.8828376770926126
0.9035843512412848
0.7042528901104939
0.638390784429851
0.5785792642784336
0.6540063329901832
0.1478534537155963
0.6363681465655447
0.7632530204736373
0.5593506925583178
0.49139378833096753
0.6875549272023774
0.5504600268972027
0.641089862395252
0.5680726388692241
0.7402711113646177
0.29564670476998983
0.6038932443685919
0.5652372985690091
0.5747675706975145
0.6407777286766746
0.7310070876508182
0.37409471422618734
0.5621046924129671
0.5257236344684625
0.7679963359964566
0.5284560983275768
0.5495486407912199
0.14735219422021456
0.3505553505869186
0.42968918828533786
0.4230299051689383
0.23082032599125893
0.40707933919936173
0.5060932139461601
0.07574818612932581
0.13564854326165823
0.41933930816289383
0.24564212828928783
0.20693188332557905
0.061590602338277886
0.2631399855861588
0.6451620648850296
0.4331434569126395
0.05266737932900875
0.21106520425980474
0.22064463130452072
0.5102969938454757
0.25142665462263825
0.5443807730137993
0.13981792656339903
0.2804234925067785
0.5679662945905193
0.47090493079021595
0.42786708311810745
0.4293432293241963
0.40489275993660845
0.37112541933083854
0.39732287591875204
0.13085300931392452
0.44918608693622464
0.431008087384394
0.12289533365375101
0.3836766934057699
0.5976876999322366
0.24617525950833297
0.20593950242433487
0.21193151934518162
0.6091045513771017
0.4264341741619198
0.1079421796061762
0.07638389951019225
0.1277940798835516
0.11989209467483544
0.42173628935139845
0.1783115068978089
0.5649699241971244
0.4769790533795523
0.5459735201713303
0.36626748273448034
0.5115990393809582
0.3099139343411419
0.4959062453496455
0.40629540338057146
0.23779185713581796
0.5084243883082076
0.1738640500052731
0.10363729597144405
0.1451498099313125
0.5968081900924678
0.632379984517164
0.38712043338041807
0.495468239356098
0.6710921627546645
0.5330316631392625
0.5797071647743828
0.1526807096731318
0.14474626187275205
0.17622362406749945
0.503623052687306
0.1389260366246066
0.4180402827552678
0.5390268540407618
0.1405874254384213
0.04737524150739904
0.20554892444890227
0.4003246894218124
0.1796643855520159
0.1694183185651283
0.49719200054151863
0.10894931565287469
0.533475923736381
0.1487296233456481
0.1811715916915321
0.5472543055398459
0.35088428202962596
0.4706839890740854
0.4130628550776351
0.7076082589096142
0.12110216251405885
0.4508423105848343
0.18228274174238596
0.06701154840884521
0.16288914807492913
0.5164083574647893
0.08985273027344862
0.40496180108146834
0.1257494555566681
0.6872603918809497
0.29437083620310367
0.4092305334503622
0.15259774198014725
0.4352368520364929
0.20456545288670047
0.1881917293566451
0.3675290426664904
0.15736978424410178
0.26487734324794826
0.4312657913631181
0.3263187824152595
0.489888176012623
0.0712414040267376
0.4891188501661173
0.4295673491252721
0.08683018228814694
0.4683965083647763
0.26814124370761705
0.0792763817367853
0.23875455753811137
0.10462397775021959
0.5899761644405209
0.1463527111290126
0.2591706916920658
0.5023469661708446
0.2781429270238659
0.3896451700781455
0.4109994214608017
0.5621463741970447
0.1456559381064043
0.061766688518432825
0.048960152157076164
0.2904913055054897
0.5219894913809142
0.13200482165914373
0.5030084572547161
0.34921169391139617
0.4420893535177524
0.15482320948025974
0.4655201448846332
0.44570427886393393
0.4424878294819455
0.5503113475665736
0.4043146807358394
0.42117709257699515
0.08977144346416589
0.5108495627010807
0.2363961204905205
0.27484365641575453
0.5304526464472368
0.09351775665991904
0.2670742925908523
0.5873217643124721
0.41889228985645705
0.13308414785919712
0.2974796762841359
0.6430322987241446
0.4052771824578802
0.32712525038665036
0.5067163588015584
0.3524148916422027
0.09970764836098935
0.4498709203769976
0.06610051297133292
0.38090305306936467
0.4244269031809156
0.5636644975765395
0.11332296460155607
0.4771700040840741
0.4754889202525053
0.07364234560421526
0.6985390852976237
0.5545422071644083
0.2938194988791371
0.5069441237085797
0.13200988070629735
0.6184618523624839
0.2696869320179269
0.4869141130689953
0.4016238443246869
0.20000337720136818
0.43041932638358754
0.3451982499658435
0.19827249659851146
0.40612302105786413
0.4361193282278977
0.12874829888320005
0.36397446808390643
0.4696789991668439
0.36552612805132106
0.1317394938741373
0.10902465101037084
0.24043830401064908
0.1847102284633965
0.6719242222106846
0.5735139123559327
0.19314695495176082
0.08608918318439021
0.402593031762469
0.04734433723986524
0.3959791130621272
0.3484402659647677
0.08028597749846644
0.18245946735259985
0.2131187536565817
0.40709690343312793
0.4433693689582625
0.15194457899730365
0.5356470661708015
0.508701792047119
0.07065774388622871
0.05532378475068696
0.2246577816323045
0.46633737121481267
0.7014211269153714
0.4449614293780152
0.5850280155413252
0.2623286008096639
0.25699805930070413
0.3479682768691553
0.4367692438324675
0.12932377289621824
0.2923904971683783
0.2308071955712912
0.11117357445766789
0.3908741394230064
0.4606860769542875
0.31903302867365607
0.39087062287968044
0.3896055820081692
0.6847654983471946
0.6907912796605932
0.8451484934602005
0.6424968864632643
0.558261486588675
0.8276992789204716
0.6886557661986511
0.5507444747764246
0.6047554607406692
0.8195410168316085
0.44261831917821753
0.42296235202447974
0.4396518603119998
0.46034103725236497
0.21714312765627936
0.31205854059579113
0.24868616740659844
0.23403043041181557
0.2755030845180316
0.2702905044001551
0.42331587081635114
0.2580152343430639
0.5216434149003778
0.3137898969010367
0.47221127715439853
0.47344602663719826
0.4222013096771871
0.4489572329392419
0.43493127568038914
0.14396587202606495
0.4452859640870309
0.8917847281684095
0.9085054675607744
0.8443979411208112
0.7559917143630029
0.7656631818774569
0.806445823654312
0.6852528229590568
0.733851564218702
0.912461516124889
0.8326595067400473
0.8968328838621287
0.6284619297416886
0.7166846681437345
0.6111139814035621
0.21791562476653958
0.7162157655674756
0.5919639260360385
0.8912121711135512
0.6771405197005003
0.8745406629941613
0.8960561421683042
0.6984632853775193
0.7237012168883067
0.5365759826431361
0.4677999111339149
0.6619102970126899
0.6398848716530432
0.5503053058873933
0.7478418353768749
0.44863423920832907
0.6646228387835075
0.7478418353768749
0.8035125372815833
0.1147547261837853
0.5801083323331908
0.40760928792418405
0.8514203422319836
0.5257574765750258
0.8170669243547727
0.877837841538701
0.5632081837765175
0.5520454246692614
0.44057404090413044
0.6473590276085996
0.6506725940160195
0.6178879399020303
0.8222816973778007
0.6154900102513774
0.7028579358936625
0.7743077626030564
0.6377635942371813
0.34582577311936386
0.6194797530919516
0.6516954499915435
0.6350051730727636
0.5718149348739993
0.7715410542532404
0.23742271581817112
0.44094216889473614
0.22151678660569213
0.47465556501457445
0.4366136747347089
0.5233560089758367
0.2361717539242667
0.6661069547848403
0.45905118748022594
0.3089637907953356
0.46433613749636043
0.24093893617341522
0.4011919619720892
0.2992464209119098
0.5266656944177451
0.19036671508930425
0.3323638437124248
0.220466684842562
0.13436947651094971
0.6685516710497769
0.29536939364951287
0.20100730590681948
0.2545658303416533
0.44146889970179937
0.40968945572853216
0.2765305447127973
0.0939554686334562
0.34737665308142424
0.3839489004831734
0.3500454827429229
0.20733148299863424
0.5117488173945676
0.2886396616075112
0.528573142982658
0.5527097720085589
0.4837761432693794
0.28483687975615524
0.4658003406847359
0.5639284266910564
0.5289249794341693
0.12067783885226778
0.49486689586718263
0.2639376879157027
0.6604297254357058
0.4526464560640411
0.23017929349579383
0.21890444841192389
0.5371118447769168
0.21193154681343562
0.6751132562520434
0.2360594617446631
0.5176735261811232
0.5093407073326505
0.17547117801052137
0.21620672165784754
0.1517507641576505
0.15376858311844283
0.20994868465249944
0.3470152821290074
0.46203031053683713
0.5820314426558582
0.23264133258994468
0.15953465555091934
0.5809471873254709
0.1360254196432662
0.2684563766754175
0.256412266465848
0.485684067730789
0.23275938943202454
0.6659756332004283
0.16713555694361648
0.4798178157401677
0.5169652382880293
0.3864807602897419
0.5886957720742227
0.41604257537847905
0.4231083150489603
0.2840927744749787
0.4578888534653552
0.3895973132627518
0.4200163599660894
0.30735347837937094
0.26804915425428616
0.5854071449180555
0.4451020709610883
0.5107455301839668
0.8637851777073212
0.7950535473966688
0.9319515779399136
0.5426383400447019
0.8570837317937169
0.8348613257243603
0.3622451107936285
0.6502247909641902
0.8783621218024621
0.5357289379583763
0.8017248143737608
0.6345608796006715
0.6167353871931472
0.6671304181804466
0.6168397342810907
0.51791018409187
0.6897112139058833
0.3574942911990252
0.6659691861970316
0.46311858516213716
0.14331640772778925
0.29025920595715166
0.2911498029075039
0.21276383669564777
0.34659890201024174
0.25404889391830343
0.8643666069217907
0.28971666761055875
0.6022917759926287
0.31568043486382696
0.41919566866129837
0.4122867476852711
0.7464912964223104
0.8482021690584153
0.49733269650601314
0.5172525299219263
0.46574544314551103
0.47058865335582856
0.5997206707905967
0.7916778748702059
0.1472876959683994
0.3546811334858616
0.16015303953793364
0.25841287196174
0.2978909072786956
0.679040084111207
0.6491921660394993
0.7730134479364887
0.6319274136984258
0.8546198461502177
0.45041237703125075
0.15878979277203517
0.42052583902228335
0.550315021957287
0.6556628305266331
0.6345472232568119
0.26291680541090223
0.5567405923293272
0.6448609403211812
0.4989897796321953
0.30114699752178725
0.16827555072942613
0.4755661343678741
0.23191468636772672
0.4312851542154452
0.3776056092640298
0.340763442616844
0.30487209711068947
0.5319844522015483
0.8455064732332868
0.5968830942487121
0.38733799033163935
0.44537625302468226
0.38926202692475265
0.24238792658172092
0.3945813495626955
0.2185406709179427
0.34710617558607554
0.3064451148868486
0.8274308831082919
0.738071163897763
0.8675935215587168
0.8259766393891322
0.83294780014924
0.7729772880315138
0.8371902738571352
0.8588061187162974
0.7492908482518069
0.7108143029554728
0.548625865087372
0.676027040696461
0.7408112795963304
0.6101830398972817
0.8212336288021967
0.6955793595760309
0.6855405360106956
0.6739810097187355
0.643708952261156
0.617891151767468
0.6307185187097434
0.7028077798156053
0.30282713795508703
0.5724969643184796
0.591536150943523
0.10110586866031405
0.4615102578400477
0.2974608744594002
0.7052738907786072
0.21516026790107054
0.6000493916553284
0.44624295533861713
0.45374881553950935
0.5111446779013523
0.4774490748012666
0.3425439128227434
0.43654665443595464
0.3751091820539755
0.26341195388541766
0.16795954790591405
0.50786698604302
0.19410190169731614
0.48942425513036514
0.23037189929595664
0.2932922403851805
0.1477540599191075
0.5003119134300853
0.21674494506562172
0.5228766817000265
0.47407163049328377
0.4893070230622669
0.7060573743863121
0.2922907582738878
0.7105869880209789
0.19685258111048495
0.4794288576601481
0.6879551258071878
0.667616985404834
0.6778537099839587
0.9100639348055924
0.5257976659255069
0.4495422938622197
0.6442426168966261
0.5363376268074952
0.5927379175766578
0.09916103735188049
0.5687504436877743
0.38620274385618164
0.5493951885815215
0.6227452620653605
0.6266990941325584
0.8218392615246194
0.5920929442517513
0.7178273078028603
0.7246551139121818
0.6279156088114172
0.41774203583395625
0.5631493023036136
0.5308230883152891
0.4641835165866589
0.5280999977513312
0.6020399520161334
0.7017186891705791
0.7245573469342763
0.6158786483575178
0.39563246021796994
0.32436514643302744
0.11346127403760305
0.4212261859999851
0.4730274576695995
0.37294930393621234
0.31397520807761775
0.38393152183086066
0.5491088600275178
0.5677169672644773
0.16337636126142072
0.358718460826356
0.476881177301144
0.5171801077052641
0.2799012515268348
0.4460313088603912
0.2819235852007687
0.3748368565215208
0.23824827854054392
0.1980506220548126
0.2685588018445394
0.575921758671289
0.5189828283247562
0.40102915005520345
0.32661911116210096
0.27936776116165485
0.3855363716916377
0.39713382577857986
0.33063414992090945
0.5393318837016138
0.1980213387546293
0.3258577617223851
0.7922334259305278
0.6946788429721934
0.6753105966731854
0.5002660224812537
0.8333707251753002
0.8471448717764597
0.5596335517954635
0.6018434199028494
0.8142379594478502
0.6346929844895163
0.6039880438451587
0.2714296648895803
0.5954981442038124
0.6563939864326723
0.645336263502288
0.5238752312854391
0.6019295535903053
0.6368803191957256
0.6429037320287475
0.6242424733528135
0.6351615794141764
0.6095818330608676
0.7678879618015805
0.7016222204768822
0.7733793900138606
0.7828833147478808
0.6527538257555809
0.7047001776404396
0.56750228361404
0.4455244871756858
0.5403020131196522
0.7384780632804675
0.655190795296634
0.45975993970634194
0.45975993970634194
0.4980319353312179
0.6478108722457748
0.2616777343277274
0.4948751120344158
0.2572685226576898
0.534466149657902
0.35796455448329273
0.20742516163357166
0.17317218075553312
0.28987473052366436
0.4159773723152083
0.3640268622011276
0.11050788713911457
0.37792935382157705
0.3521137735903963
0.28026760403356404
0.38732419602825213
0.12891683383336489
0.29153108717215376
0.6833491629002102
0.29059971304007415
0.3318833168552792
0.5512101001179274
0.2876201969187473
0.5287116754507494
0.45032441431387427
0.2765067146932857
0.31861146682980596
0.20465409950178368
0.3191378967931183
0.4475808487321149
0.3189851649036838
0.4706103637036579
0.4878223596634451
0.3861093155197769
0.523645525519599
0.3688061693725055
0.4724765258710876
0.5546966412866287
0.1341824664171942
0.7570373846682037
0.32035813749158326
0.5997564869044342
0.48438979226308154
0.4872806141484464
0.49720274036800527
0.4905031787107971
0.4270246895027911
0.23979036822410177
0.23755031344211014
0.3665338540120843
0.5260320212188296
0.6221979167982232
0.3225073037781982
0.32990678227245734
0.2993513391811992
0.5699742695528207
0.46224373340421115
0.2729297511421726
0.27550719877867236
0.47595786529964046
0.5538686893689243
0.4492923563002014
0.26248756436291376
0.5666441426424643
0.5905114866985898
0.36318397924800366
0.48775837898717017
0.5881582613083874
0.5779509072452467
0.5216545224479052
0.4941275907535999
0.5177278726767125
0.2806806399350497
0.5573149844271934
0.25356818376863643
0.546311240002941
0.17564427349560824
0.4888592781566775
0.11817290751005052
0.3802025290879208
0.6358086920942826
0.14283950914218224
0.598384424721168
0.2180224875894883
0.6468834725126453
0.3061388742750904
0.1877555165716393
0.2625669634643295
0.5155117536167271
0.4562544284902346
0.2383281705687802
0.4838901260572406
0.3597597684263155
0.3852932525541098
0.38516961229182456
0.42471037015891727
0.12423213968466933
0.28955491087930546
0.6437965214856549
0.32545451857091334
0.47216463168225864
0.6714167110905314
0.40640260649194127
0.5561028328050756
0.4730164000546302
0.5845340860043379
0.5598220857665155
0.31395077155906986
0.2885362393151925
0.44165711416977216
0.42496701686729943
0.11963796254540027
0.29444078976064963
0.5755721725879946
0.47922011277855464
0.758398654639895
0.594592570759637
0.4357364566397608
0.2944334115087411
0.5559181277019185
0.37715715176144277
0.11031413567215191
0.3985317664085892
0.7617430082683645
0.3820521493279947
0.7740029006234828
0.3877623151764909
0.7673697558733333
0.5018199407688549
0.15180153794741327
0.4953513220947868
0.5313798598236783
0.23237348826945825
0.3358383381241026
0.14615275438217254
0.5007104503872956
0.502113239572742
0.30457787879059117
0.5016136206396962
0.6170926248512495
0.6196343685359434
0.46853067681605404
0.26635084443635176
0.08781610728582245
0.5359401553844914
0.15635126946133962
0.3417482705392633
0.3646940630744632
0.5763294616783106
0.606124713263858
0.23400408454329635
0.23374316483864102
0.269640636926882
0.5548809616843281
0.529700107414771
0.18058497821628042
0.28446620470058975
0.18537314568184834
0.48913586914107005
0.31296971616767205
0.5017319281329192
0.15550036743687673
0.5131845000410108
0.06377551612570355
0.3544839159474692
0.21527230169651349
0.136344186352844
0.26341402483713927
0.46695836497914467
0.2537188619289341
0.6739893506566215
0.25848222122427555
0.25489937422149384
0.5142459587971525
0.17513784695063117
0.34496761533986725
0.2651118021631848
0.2727339883884977
0.4659508363404003
0.5403106757888722
0.42918045203500016
0.5131105932084389
0.6072732852856884
0.5755860379057547
0.43694629260506485
0.5634156999461655
0.3528426283197951
0.6334163972394281
0.30797906366332717
0.10284031001228129
0.24046812385383404
0.24631922069742093
0.2603565904085941
0.22096291620404832
0.3185099771728823
0.5757225220290392
0.4750401312184235
0.6374369564594294
0.44244755529528157
0.48507562737277804
0.60163141079686
0.5557118948231227
0.5872656486390362
0.283005986586654
0.5492317238098187
0.4311849130242921
0.22963608570787494
0.6057393384639752
0.4996979840533829
0.568298745219946
0.7206104737617597
0.5686638450003214
0.5860500391558515
0.5426025905924002
0.5239653963352405
0.2701516471927246
0.6094048373410266
0.16822493802096075
0.30531607030238295
0.152890845707249
0.3477866547819955
0.4092486264394827
0.3911549712319762
0.3103056114643662
0.581626059861498
0.5756583031621414
0.3175887043617593
0.4122840580906033
0.4974077271824117
0.5054633468953244
0.13049330434153944
0.540245473729456
0.5078519916429752
0.4432539588570623
0.6109558563870964
0.32799160930352306
0.4301654610043656
0.07573951860193574
0.3901158952691162
0.5573364087135417
0.14938217647362856
0.35971853463702524
0.3507246388880087
0.09352662951231996
0.5511062326523501
0.45023858755101775
0.23943065245422834
0.7429063677746428
0.6461237931159888
0.6172017409456736
0.6756314866655543
0.5911005836224328
0.5042202487580928
0.6632297641579028
0.5868501822283709
0.14631963522967473
0.3617707575192697
0.3251027864140943
0.4364860677339359
0.5624112481378514
0.515208245061327
0.5405171812263928
0.19108287510789043
0.46710310292568386
0.19165101231761958
0.4150565378890145
0.6205232414503898
0.2886023436444155
0.6245056584069256
0.33503262836636494
0.28137380413540414
0.40257802387818914
0.5008594825773873
0.20046147344308374
0.0943196777211236
0.2173194221698693
0.5856716112427168
0.2849280579289407
0.4282965379077378
0.28354236708143277
0.5020713603929391
0.38980031092375567
0.505884317582464
0.4479246993981604
0.40720382300113356
0.2551891782588639
0.14538888258284324
0.20991477042488083
0.481459995557647
0.4425030987317203
0.38241305611671356
0.7777984636900543
0.5126640816742623
0.6317863082065119
0.3018106033038376
0.3387726640798264
0.6438578793154327
0.7374467160407253
0.4380195963211828
0.731789138586871
0.39863565948487506
0.45884209685291627
0.33034785376807396
0.5269608251241185
0.4298178626108723
0.7742794454617984
0.7194146059256821
0.30381586997325905
0.5551302283938906
0.5067091731440688
0.5894032276477722
0.3777902498517097
0.3991275431750421
0.4478467973941554
0.5015558980113655
0.4493882445100328
0.6081868875857807
0.4863810784016099
0.4975097620896633
0.47185538670874944
0.35020053380222155
0.5527438225344249
0.5016814848093829
0.5311072823892445
0.32992897170480906
0.5119290528440353
0.3575270690507439
0.39357821710490054
0.4491155090545577
0.5981748968707797
0.4936569990274876
0.12700099575951218
0.12410912201709567
0.47014031208792606
0.41919689956836037
0.24705098556441837
0.17504051285596242
0.29827801882669136
0.20784863639427695
0.10777517221792599
0.7057884142038994
0.0966682408740773
0.48089622530275516
0.22575913277951334
0.3011566182225876
0.32519447517729716
0.2707064148320475
0.11879241786385722
0.32455460447866824
0.09740788018458876
0.15371412351662683
0.3417357228743145
0.3674158434555039
0.45813944889329744
0.15818872525238886
0.1352107600024865
0.15995722360537104
0.5028097304904371
0.24895758978702398
0.4151910005636143
0.42421579269393445
0.20277493224702442
0.2645997972216908
0.18946978052275856
0.1194382720874058
0.38360398598001455
0.5672541786163378
0.5692089296771892
0.4462030071681559
0.3828180344772408
0.14339287042432697
0.528627411441726
0.27404063672749995
0.3968093809544238
0.3369378659417296
0.4056717587146633
0.46486240556644093
0.2718921934762895
0.2882556060652269
0.31525509980956057
0.22699044502412483
0.4218070063058708
0.22218764770691798
0.35923262418521196
0.29368871744134895
0.4655043929953821
0.1470926350383886
0.559520060920962
0.4994900027129018
0.20468985701420767
0.29342993970615555
0.33841230153165336
0.24213319193406543
0.3649095671382002
0.2786908943215491
0.5111151421039204
0.46263604847325795
0.6327040927851508
0.6865380020326014
0.48209246444014897
0.6660242526937675
0.43852556489458283
0.2765461119906529
0.7054782702065766
0.526038224358918
0.7196186723213859
0.6416905327889424
0.5117249855164733
0.5885326173700387
0.3433740147742634
0.20685593283693532
0.5062495187321023
0.7409666578985089
0.6701486333606353
0.6581577902355775
0.7612852179861901
0.7649446734548403
0.6768453301088265
0.5653407110272047
0.6572351452502362
0.7857757727726822
0.48069246370968893
0.5923506982701623
0.3592408103427058
0.6107752247311246
0.5517380315671492
0.49025409734575937
0.459354996197911
0.2859857398972503
0.17642817274197567
0.3283814613340876
0.15626677622080787
0.08198795386916571
0.2693164263834023
0.28776780148971876
0.07019661304030105
0.18479798370989126
0.23312548808853864
0.1279152075744277
0.4006239995219343
0.23329351351327632
0.12453583940973609
0.2888003564913458
0.43271028423490204
0.2224168343288058
0.1632588659284604
0.23571078037190474
0.32464875951213523
0.12939237439982668
0.1023279032744957
0.06247752575085572
0.25790081220326455
0.33842435055148623
0.3240552831229074
0.20926238478387366
0.11421321342156675
0.12327801397253065
0.3838535143577909
0.18983151272175522
0.08296868370010865
0.07299526078187868
0.157230277106433
0.4655868750732997
0.2789249005982886
0.3842869823517937
0.3616683044314585
0.17517729084678546
0.341029223446303
0.12531298063966198
0.20747036305028044
0.2174241657548049
0.43778557952029296
0.21086144678056143
0.44419363036625475
0.29586941764503416
0.3817248031952329
0.4168840549601764
0.3649363128114193
0.3973563088414712
0.3560912493275305
0.4076714724580965
0.19027357064257894
0.25208395066001793
0.09837337588717145
0.12704097489362967
0.10480345512028598
0.3839822171161255
0.5583092820321452
0.23617601287489912
0.16926651700657439
0.4428553786279514
0.5000321908275029
0.4012840492774662
0.0727503157055603
0.3904234896022133
0.38478042941802293
0.2677763474249339
0.1616889708465348
0.1637996921722498
0.5350997154676942
0.21326725079888592
0.2997745439015133
0.5228272494110514
0.47449917523133883
0.24449641481868456
0.32263937355552336
0.5301193580748913
0.16170813865878805
0.07424355967163457
0.4605495542617007
0.10420325266249619
0.459961796024568
0.42792851039990354
0.10129672248797751
0.2160656741095798
0.21636388372056536
0.35866666505077344
0.2828312585441175
0.3853966084127954
0.09361597225042624
0.3293110890756027
0.11237186376227086
0.28896033397760307
0.09310017700354922
0.42671092096099
0.15454189080025368
0.0553137300504294
0.09930337242059903
0.445543900519249
0.4571186214487625
0.24831523072887365
0.22201158681788752
0.07711718105156527
0.10028793473594441
0.3771648635195278
0.4779587768706502
0.2635519035712432
0.09831293645331207
0.4536614303841435
0.14202850558926616
0.19001374785103933
0.2344408817400265
0.40299638213836625
0.352605843913163
0.30512870496164074
0.4596093308923638
0.17763198044556225
0.2287121158539961
0.17050549868335013
0.4375769262468453
0.3860605765083847
0.1096983504664486
0.07134288945460827
0.14368553273148887
0.1327182375149716
0.0892117069988298
0.5943003535570394
0.14478866506226207
0.07016393310749126
0.3094578716440792
0.29670088858217597
0.2000162880009001
0.21078724642415336
0.43168148407252777
0.507274801606876
0.614412119870194
0.08866153646229505
0.18509236307420093
0.48997350374690374
0.48153564313251485
0.37734845009452855
0.4631523444184283
0.37303687963792376
0.11894245901999062
0.1340358841916078
0.3292899232101989
0.0931588289596161
0.31467375900950334
0.11961972733996835
0.09607633776658585
0.16466659375528092
0.29251844197018956
